user	item	topic	rating				topic	rating		user	topic	rating
41	39	2	4.296656921				0	2.64839563		41	2	4.296656921
44	20	3	1				0	3.513807654		44	3	1
31	2	0	2.64839563				0	3.515761821		31	0	2.64839563
47	32	2	4.133289687				0	2.876752864		47	2	4.133289687
5	47	0	3.513807654				0	3.30277207		5	0	3.513807654
30	14	0	3.515761821				0	3.849305567		30	0	3.515761821
10	25	4	5				0	2.992801705		10	4	5
36	14	0	2.876752864				0	5		36	0	2.876752864
19	11	4	3.752058194				0	2.167036555		19	4	3.752058194
38	38	4	1				0	5		38	4	1
47	10	0	3.30277207				0	4.915618452		47	0	3.30277207
0	2	0	3.849305567				0	2.546296122		0	0	3.849305567
24	49	3	2.536953885				0	3.821419374		24	3	2.536953885
29	42	0	2.992801705				0	4.005910427		29	0	2.992801705
21	10	0	5				0	4.194174954		21	0	5
49	38	4	4.687691951				0	3.375358238		49	4	4.687691951
6	16	0	2.167036555				0	5		6	0	2.167036555
5	36	0	5				0	5		5	0	5
25	12	4	2.415464053				0	3.404883958		25	4	2.415464053
42	47	0	4.915618452				0	1.848430816		42	0	4.915618452
2	8	3	2.812465542				0	2.335078038		2	3	2.812465542
10	34	3	5				0	5		10	3	5
40	2	0	2.546296122				0	1.426756225		40	0	2.546296122
14	33	4	5				0	3.126634434		14	4	5
46	16	0	3.821419374				0	4.142604736		46	0	3.821419374
4	18	3	2.528991181				0	5		4	3	2.528991181
28	19	3	5				0	3.699027961		28	3	5
11	28	0	4.005910427				0	5		11	0	4.005910427
36	42	0	4.194174954				0	5		36	0	4.194174954
25	21	0	3.375358238				0	3.841086224		25	0	3.375358238
12	16	0	5				0	4.140694828		12	0	5
15	21	0	5				0	1.543161646		15	0	5
36	26	1	5				0	2.141767224		36	1	5
28	32	2	4.701269513				0	4.026139648		28	2	4.701269513
40	36	0	3.404883958				0	5		40	0	3.404883958
25	48	0	1.848430816				0	5		25	0	1.848430816
30	12	4	4.762121693				0	1.621467207		30	4	4.762121693
48	23	0	2.335078038				0	3.923194896		48	0	2.335078038
3	30	0	5				0	5		3	0	5
23	1	3	1.981602579				0	2.215099871		23	3	1.981602579
6	49	3	1.832041207				0	4.085964512		6	3	1.832041207
38	11	4	1.071286791				0	4.142743849		38	4	1.071286791
28	31	0	1.426756225				0	1		28	0	1.426756225
5	45	4	2.170923834				0	5		5	4	2.170923834
46	2	0	3.126634434				0	4.376402051		46	0	3.126634434
11	47	0	4.142604736				0	1.775850473		11	0	4.142604736
20	28	0	5				0	2.095502283		20	0	5
4	36	0	3.699027961				0	2.601198328		4	0	3.699027961
44	47	0	5				0	5		44	0	5
42	31	0	5				0	1.721941643		42	0	5
32	45	4	3.337443166				0	5		32	4	3.337443166
42	10	0	3.841086224				0	1.031452905		42	0	3.841086224
16	16	0	4.140694828				0	1		16	0	4.140694828
48	39	2	1.433309333				0	3.661798615		48	2	1.433309333
22	36	0	1.543161646				0	3.392854764		22	0	1.543161646
19	49	3	1.337041133				0	3.317250023		19	3	1.337041133
49	32	2	2.757817447				0	2.601428223		49	2	2.757817447
47	46	3	3.09046429				0	1.301985992		47	3	3.09046429
3	28	0	2.141767224				0	4.246913929		3	0	2.141767224
0	14	0	4.026139648				0	5		0	0	4.026139648
40	46	3	1.350381889				0	5		40	3	1.350381889
20	7	0	5				0	2.994492597		20	0	5
42	8	3	2.06488759				0	5		42	3	2.06488759
37	4	1	4.712030675				0	3.906694038		37	1	4.712030675
26	9	0	5				0	1.587808788		26	0	5
28	16	0	1.621467207				0	1.563002443		28	0	1.621467207
1	45	4	1				0	1.913055424		1	4	1
31	47	0	3.923194896				0	4.315193658		31	0	3.923194896
44	30	0	5				0	1		44	0	5
25	8	3	1.058904263				0	2.308608893		25	3	1.058904263
25	39	2	1.513074443				0	4.272400126		25	2	1.513074443
43	22	3	4.433832216				0	1.908629185		43	3	4.433832216
1	29	3	5				0	4.976034269		1	3	5
21	34	3	5				0	5		21	3	5
14	28	0	2.215099871				0	3.977378227		14	0	2.215099871
29	10	0	4.085964512				0	3.373148446		29	0	4.085964512
40	27	2	2.681019127				0	2.136299507		40	2	2.681019127
39	24	3	1.339223549				0	1		39	3	1.339223549
32	37	2	1.49521843				0	3.041817547		32	2	1.49521843
3	24	3	5				0	3.669699596		3	3	5
46	4	1	1.452657311				0	4.4688724		46	1	1.452657311
42	30	0	4.142743849				0	4.157238101		42	0	4.142743849
13	24	3	3.430383997				0	4.311670813		13	3	3.430383997
44	12	4	1.938913652				0	3.337838681		44	4	1.938913652
12	43	3	5				0	5		12	3	5
49	33	4	4.496652416				0	4.270129264		49	4	4.496652416
8	39	2	4.576588955				0	1		8	2	4.576588955
0	4	1	4.889416277				0	1.919060892		0	1	4.889416277
4	45	4	3.407979608				0	5		4	4	3.407979608
31	39	2	5				0	5		31	2	5
49	19	3	1.956289038				0	1		49	3	1.956289038
48	38	4	2.4742851				0	3.674997464		48	4	2.4742851
40	2	0	1				0	5		40	0	1
42	15	2	3.723736978				0	1		42	2	3.723736978
19	8	3	3.590628468				0	2.802519856		19	3	3.590628468
20	44	2	1				0	3.494511756		20	2	1
41	8	3	3.822810316				0	1.785987419		41	3	3.822810316
44	49	3	1.417140919				0	2.731177102		44	3	1.417140919
15	41	0	5				0	1.996799002		15	0	5
16	34	3	1.391988919				0	1.655959694		16	3	1.391988919
44	10	0	4.376402051				0	3.36425036		44	0	4.376402051
46	12	4	1				0	5		46	4	1
6	42	0	1.775850473				0	3.886897159		6	0	1.775850473
30	29	3	3.064151374				0	5		30	3	3.064151374
2	27	2	3.656771225				0	4.011555273		2	2	3.656771225
21	18	3	5				0	3.761297742		21	3	5
1	9	0	2.095502283				0	4.00136425		1	0	2.095502283
8	0	1	3.907899513				0	2.757835079		8	1	3.907899513
49	1	3	2.893036276				0	5		49	3	2.893036276
37	10	0	2.601198328				0	2.766085708		37	0	2.601198328
47	35	3	3.111274622				0	2.66608383		47	3	3.111274622
22	46	3	2.863322803				0	4.061571238		22	3	2.863322803
2	15	2	4.615522142				0	4.179693909		2	2	4.615522142
12	10	0	5				0	5		12	0	5
43	11	4	4.384823959				0	5		43	4	4.384823959
35	8	3	2.310924801				0	3.711871545		35	3	2.310924801
38	27	2	1.743469635				0	4.782102068		38	2	1.743469635
10	48	0	1.721941643				0	4.945888083		10	0	1.721941643
15	48	0	5				0	3.535456772		15	0	5
8	46	3	1.457784033				0	5		8	3	1.457784033
47	25	4	1				0	1		47	4	1
25	24	3	1.893252061				0	5		25	3	1.893252061
8	0	1	3.899518709				0	2.349692608		8	1	3.899518709
32	5	4	2.87224269				0	5		32	4	2.87224269
49	17	4	5				0	4.636703867		49	4	5
19	12	4	4.853867776				0	3.78914397		19	4	4.853867776
40	13	2	3.226978799				0	5		40	2	3.226978799
10	20	3	3.62497852				0	2.330307606		10	3	3.62497852
30	16	0	1.031452905				0	1		30	0	1.031452905
31	27	2	5				0	3.418351661		31	2	5
21	25	4	1.683027714				0	2.292933958		21	4	1.683027714
22	14	0	1				0	1.954497925		22	0	1
20	39	2	1				0	3.377851357		20	2	1
13	39	2	5				0	4.304260049		13	2	5
10	18	3	4.593454826				0	5		10	3	4.593454826
4	20	3	3.853016038				0	5		4	3	3.853016038
42	41	0	3.661798615				0	1.439746988		42	0	3.661798615
45	40	0	3.392854764				0	1.5213706		45	0	3.392854764
14	42	0	3.317250023				0	3.231623678		14	0	3.317250023
17	44	2	5				0	4.34868477		17	2	5
7	15	2	5				0	2.424862047		7	2	5
34	13	2	4.25390027				0	3.275422263		34	2	4.25390027
10	14	0	2.601428223				0	1.553947826		10	0	2.601428223
3	19	3	5				0	2.779472567		3	3	5
35	36	0	1.301985992				0	5		35	0	1.301985992
46	38	4	1				0	5		46	4	1
39	34	3	1.959988309				0	1.64623638		39	3	1.959988309
26	39	2	1				0	3.945722547		26	2	1
0	40	0	4.246913929				0	4.370083221		0	0	4.246913929
6	24	3	1.330239306				0	3.993647836		6	3	1.330239306
7	14	0	5				0	2.234164141		7	0	5
24	26	1	3.704496384				0	5		24	1	3.704496384
17	5	4	3.713522202				0	1.188483452		17	4	3.713522202
9	7	0	5				0	1.327571024		9	0	5
41	27	2	3.030874719				0	5		41	2	3.030874719
1	10	0	2.994492597				0	1.489753215		1	0	2.994492597
23	48	0	5				0	4.18668457		23	0	5
13	29	3	1.678127534				0	1.470677904		13	3	1.678127534
3	3	3	5				0	5		3	3	5
45	29	3	3.074042274				0	3.838992829		45	3	3.074042274
25	49	3	2.722380643				0	5		25	3	2.722380643
2	9	0	3.906694038				0	4.713273504		2	0	3.906694038
13	4	1	3.357528117				0	2.609286925		13	1	3.357528117
28	11	4	2.335858567				0	4.495446803		28	4	2.335858567
43	48	0	1.587808788				0	3.7494969		43	0	1.587808788
24	3	3	1.900169959				0	3.999247869		24	3	1.900169959
49	45	4	5				0	3.223025336		49	4	5
38	35	3	1.652087666				0	2.072453326		38	3	1.652087666
26	0	1	3.278034864				0	4.426420826		26	1	3.278034864
47	35	3	4.190457369				0	2.55660479		47	3	4.190457369
27	13	2	2.226304739				0	2.607502531		27	2	2.226304739
13	39	2	3.871263642				0	2.462472683		13	2	3.871263642
20	25	4	4.707471397				0	1.137045858		20	4	4.707471397
10	3	3	4.978872905				0	3.845065346		10	3	4.978872905
33	38	4	5				0	2.112012024		33	4	5
48	48	0	1.563002443				0	5		48	0	1.563002443
6	48	0	1.913055424				0	2.037040977		6	0	1.913055424
8	38	4	5				0	3.139389184		8	4	5
24	28	0	4.315193658				0	2.626556025		24	0	4.315193658
11	38	4	5				0	4.10841546		11	4	5
32	4	1	1				0	5		32	1	1
39	24	3	1				0	4.15751868		39	3	1
26	35	3	2.539577697				0	1.407505992		26	3	2.539577697
14	12	4	5				0	1.716675682		14	4	5
20	0	1	3.044881885				0	5		20	1	3.044881885
23	33	4	1				0	1		23	4	1
12	13	2	1.0943992				0	3.424383456		12	2	1.0943992
28	40	0	1				0	3.324695797		28	0	1
16	19	3	1				0	5		16	3	1
19	39	2	4.372885078				0	3.286767832		19	2	4.372885078
1	39	2	3.805479452				0	5		1	2	3.805479452
11	32	2	5				0	3.88815166		11	2	5
2	25	4	3.683355573				0	1		2	4	3.683355573
6	18	3	1.829466084				0	2.389376722		6	3	1.829466084
34	11	4	3.239534494				0	4.633997444		34	4	3.239534494
32	20	3	5				0	1.040446909		32	3	5
25	7	0	2.308608893				0	5		25	0	2.308608893
46	21	0	4.272400126				0	3.784000492		46	0	4.272400126
40	6	3	1.455523415				0	3.62700023		40	3	1.455523415
43	25	4	4.454867125				0	3.837811305		43	4	4.454867125
34	9	0	1.908629185				0	4.436182784		34	0	1.908629185
27	13	2	2.235481697				0	1.395118295		27	2	2.235481697
15	14	0	4.976034269				0	5		15	0	4.976034269
39	12	4	5				0	3.900471155		39	4	5
12	10	0	5				0	4.936011343		12	0	5
44	5	4	3.279693751				0	4.316011014		44	4	3.279693751
5	5	4	2.053399863				0	5		5	4	2.053399863
35	0	1	5				0	1.855514044		35	1	5
2	43	3	3.407428425				0	5		2	3	3.407428425
21	15	2	5				0	4.835862062		21	2	5
24	47	0	3.977378227				0	3.492806274		24	0	3.977378227
43	23	0	3.373148446				0	5		43	0	3.373148446
23	25	4	1.155275001				0	3.809852014		23	4	1.155275001
42	19	3	1				0	1.400301815		42	3	1
17	12	4	4.358872562				0	3.375708369		17	4	4.358872562
21	20	3	5				0	1		21	3	5
45	28	0	2.136299507				0	3.549576776		45	0	2.136299507
13	12	4	1.945322841				0	3.786752431		13	4	1.945322841
31	26	1	1.854449732				0	4.546587267		31	1	1.854449732
40	27	2	3.947668852				0	5		40	2	3.947668852
43	26	1	5				0	4.391475411		43	1	5
9	25	4	2.537824742				0	5		9	4	2.537824742
14	21	0	1				0	5		14	0	1
35	10	0	3.041817547				0	4.903747105		35	0	3.041817547
28	20	3	5				0	4.344399871		28	3	5
42	14	0	3.669699596				0	3.14351239		42	0	3.669699596
2	40	0	4.4688724				0	5		2	0	4.4688724
11	7	0	4.157238101				0	4.880495123		11	0	4.157238101
1	9	0	4.311670813				0	4.940985994		1	0	4.311670813
15	38	4	3.344181967				0	5		15	4	3.344181967
23	15	2	4.040735187				0	3.60727346		23	2	4.040735187
10	34	3	3.750047043				0	1		10	3	3.750047043
7	32	2	4.136108928				0	1		7	2	4.136108928
3	46	3	5				0	5		3	3	5
12	38	4	1				0	3.286442559		12	4	1
42	16	0	3.337838681				0	2.327052667		42	0	3.337838681
26	23	0	5				0	5		26	0	5
47	38	4	1.829899655				0	4.721760015		47	4	1.829899655
45	16	0	4.270129264				0	5		45	0	4.270129264
9	43	3	4.556408268				0	4.423732843		9	3	4.556408268
38	32	2	2.434656043				0	5		38	2	2.434656043
26	45	4	2.290961075				0	3.471785419		26	4	2.290961075
44	29	3	1				0	5		44	3	1
48	28	0	1				0	5		48	0	1
46	34	3	4.338494107				0	1.43576951		46	3	4.338494107
1	3	3	5				0	5		1	3	5
22	30	0	1.919060892				0	4.001592349		22	0	1.919060892
20	10	0	5				0	5		20	0	5
29	43	3	5				0	4.108322355		29	3	5
17	15	2	4.589767628				0	4.577570467		17	2	4.589767628
42	17	4	1.277793328				0	5		42	4	1.277793328
17	38	4	5				0	3.091081727		17	4	5
29	35	3	4.470905235				0	3.352482062		29	3	4.470905235
47	1	3	3.800872185				0	3.661875963		47	3	3.800872185
33	11	4	5				0	2.773694838		33	4	5
21	8	3	5				0	3.602962182		21	3	5
37	0	1	3.923492755				0	1.089122256		37	1	3.923492755
39	41	0	5				0	1		39	0	5
34	34	3	3.022139556				0	5		34	3	3.022139556
28	2	0	1				0	4.477229307		28	0	1
35	41	0	3.674997464				0	5		35	0	3.674997464
15	28	0	5				0	5		15	0	5
39	25	4	5				0	3.425953135		39	4	5
28	42	0	1				0	5		28	0	1
48	17	4	2.252662857				0	5		48	4	2.252662857
47	30	0	2.802519856				0	2.522034271		47	0	2.802519856
40	13	2	2.528131195				0	3.811974934		40	2	2.528131195
31	2	0	3.494511756				0	3.777771342		31	0	3.494511756
20	17	4	4.95372912				0	3.502759003		20	4	4.95372912
6	27	2	2.883204564				0	3.698892946		6	2	2.883204564
27	23	0	1.785987419				0	1.864954518		27	0	1.785987419
7	1	3	4.42745526				0	3.348502543		7	3	4.42745526
45	29	3	2.142674234				0	3.634274851		45	3	2.142674234
11	39	2	5				0	4.436812715		11	2	5
21	26	1	2.007540491				0	3.820349232		21	1	2.007540491
47	3	3	3.248199364				0	2.194942407		47	3	3.248199364
22	22	3	3.274642906				0	5		22	3	3.274642906
0	24	3	5				0	1		0	3	5
28	35	3	5				0	2.850301844		28	3	5
33	4	1	2.949435228				0	1.937905509		33	1	2.949435228
31	14	0	2.731177102				0	5		31	0	2.731177102
6	19	3	1.36822302				0	2.503932765		6	3	1.36822302
47	36	0	1.996799002				0	2.067285192		47	0	1.996799002
44	34	3	1.523873577				0	4.005573507		44	3	1.523873577
4	41	0	1.655959694				0	1.492387457		4	0	1.655959694
32	20	3	5				0	3.420209576		32	3	5
49	5	4	4.7341924				0	4.241692568		49	4	4.7341924
41	5	4	3.029224944				0	2.134749898		41	4	3.029224944
40	15	2	3.631455876				0	2.343147348		40	2	3.631455876
25	35	3	1.418963353				0	1		25	3	1.418963353
37	39	2	5				0	4.598346663		37	2	5
14	5	4	5				0	4.604497307		14	4	5
49	1	3	2.178690253				0	3.660341891		49	3	2.178690253
42	47	0	3.36425036				0	4.505765936		42	0	3.36425036
21	8	3	5				0	4.218597351		21	3	5
20	31	0	5				0	5		20	0	5
31	33	4	4.253862017				0	2.343818531		31	4	4.253862017
33	15	2	2.666144299				0	2.32761453		33	2	2.666144299
2	4	1	2.177608353				0	4.091062373		2	1	2.177608353
16	1	3	1				0	1.027448204		16	3	1
11	35	3	3.553470192				0	5		11	3	3.553470192
45	23	0	3.886897159				0	1.630319371		45	0	3.886897159
26	36	0	5				0	1.408052849		26	0	5
3	17	4	2.979902286				0	1.302440707		3	4	2.979902286
9	11	4	2.600141309				0	1.795562107		9	4	2.600141309
32	31	0	4.011555273				0	5		32	0	4.011555273
0	13	2	4.053618367				0	4.953652247		0	2	4.053618367
19	40	0	3.761297742				0	1.645995128		19	0	3.761297742
49	3	3	2.152547823				0	4.630244043		49	3	2.152547823
39	45	4	5				0	2.749707122		39	4	5
49	45	4	4.840755965				0	2.994176803		49	4	4.840755965
44	28	0	4.00136425				0	5		44	0	4.00136425
25	34	3	1.107702198				0	5		25	3	1.107702198
48	26	1	3.877322049				0	3.347947488		48	1	3.877322049
46	19	3	4.026461893				0	5		46	3	4.026461893
10	0	1	5				0	5		10	1	5
24	22	3	2.995681402				0	4.967227458		24	3	2.995681402
5	10	0	2.757835079				0	5		5	0	2.757835079
12	31	0	5				0	4.68269968		12	0	5
23	25	4	1.480352618				0	5		23	4	1.480352618
10	42	0	2.766085708				0	5		10	0	2.766085708
48	31	0	2.66608383				0	2.247364035		48	0	2.66608383
43	43	3	3.485983222				0	2.253671395		43	3	3.485983222
38	47	0	4.061571238				0	5		38	0	4.061571238
37	41	0	4.179693909				0	5		37	0	4.179693909
15	47	0	5				0	1.98635234		15	0	5
13	19	3	2.137063301				0	4.335432703		13	3	2.137063301
1	8	3	5				0	2.119182702		1	3	5
33	0	1	3.024022432				0	5		33	1	3.024022432
35	46	3	2.27348356				0	4.77269901		35	3	2.27348356
15	8	3	1.746298713				0	5		15	3	1.746298713
20	40	0	5				0	4.869364511		20	0	5
1	26	1	3.772824886				0	4.137726183		1	1	3.772824886
19	2	0	3.711871545				0	4.920642198		19	0	3.711871545
11	36	0	4.782102068				0	5		11	0	4.782102068
5	46	3	1				0	2.863328454		5	3	1
4	34	3	3.150495579				0	3.031847961		4	3	3.150495579
12	39	2	1				0	5		12	2	1
36	17	4	4.597733489				0	2.6810093		36	4	4.597733489
7	23	0	4.945888083				0	5		7	0	4.945888083
37	16	0	3.535456772				0	2.423417956		37	0	3.535456772
14	35	3	4.837722311				0	2.943115484		14	3	4.837722311
3	49	3	5				0	2.864730673		3	3	5
48	6	3	5				0	4.020381528		48	3	5
20	7	0	5				0	3.39902147		20	0	5
22	15	2	4.220825892				0	3.134046977		22	2	4.220825892
27	19	3	1.614516232				0	5		27	3	1.614516232
25	9	0	1				0	2.887920931		25	0	1
17	34	3	1.824448475				0	4.419666863		17	3	1.824448475
39	26	1	2.219383838				0	1.742268588		39	1	2.219383838
8	6	3	2.639823081				0	5		8	3	2.639823081
24	10	0	5				0	2.449689747		24	0	5
34	33	4	2.94050014				0	1		34	4	2.94050014
27	40	0	2.349692608				0	1.501703664		27	0	2.349692608
28	20	3	5				0	3.113096473		28	3	5
2	12	4	4.363143843				0	5		2	4	4.363143843
31	37	2	4.654058691				0	5		31	2	4.654058691
16	17	4	1.42951633				0	2.452998237		16	4	1.42951633
41	46	3	3.228494789				0	5		41	3	3.228494789
39	43	3	2.33308755				0	4.200811558		39	3	2.33308755
25	0	1	1				0	5		25	1	1
15	21	0	5				0	5		15	0	5
12	4	1	5				0	3.935207088		12	1	5
44	2	0	4.636703867				0	3.507759442		44	0	4.636703867
3	34	3	4.783371624				0	4.817974397		3	3	4.783371624
22	13	2	4.708623602				0	2.177455069		22	2	4.708623602
39	41	0	3.78914397				0	3.130426713		39	0	3.78914397
46	26	1	1.804371837				0	3.800191583		46	1	1.804371837
11	27	2	5				0	1.772383103		11	2	5
19	29	3	2.448755054				0	3.637312234		19	3	2.448755054
28	43	3	5				1	5		28	3	5
27	12	4	5				1	4.712030675		27	4	5
20	36	0	5				1	1.452657311		20	0	5
41	1	3	2.587606786				1	4.889416277		41	3	2.587606786
48	0	1	3.061037979				1	3.907899513		48	1	3.061037979
39	43	3	2.07626888				1	3.899518709		39	3	2.07626888
30	11	4	3.93519115				1	3.704496384		30	4	3.93519115
25	45	4	3.608771495				1	3.357528117		25	4	3.608771495
34	19	3	4.586966495				1	3.278034864		34	3	4.586966495
33	12	4	5				1	1		33	4	5
19	46	3	3.39136346				1	3.044881885		19	3	3.39136346
8	13	2	4.836482496				1	5		8	2	4.836482496
14	19	3	3.47963385				1	1.854449732		14	3	3.47963385
37	16	0	2.330307606				1	5		37	0	2.330307606
6	27	2	2.684207058				1	3.923492755		6	2	2.684207058
48	23	0	1				1	2.007540491		48	0	1
17	5	4	3.930293395				1	2.949435228		17	4	3.930293395
43	47	0	3.418351661				1	2.177608353		43	0	3.418351661
35	35	3	3.106301069				1	3.877322049		35	3	3.106301069
16	39	2	2.725573486				1	5		16	2	2.725573486
3	9	0	2.292933958				1	3.024022432		3	0	2.292933958
33	37	2	3.807911235				1	3.772824886		33	2	3.807911235
14	42	0	1.954497925				1	2.219383838		14	0	1.954497925
36	5	4	4.943737893				1	1		36	4	4.943737893
45	9	0	3.377851357				1	5		45	0	3.377851357
32	22	3	5				1	1.804371837		32	3	5
42	28	0	4.304260049				1	3.061037979		42	0	4.304260049
13	41	0	5				1	3.609274735		13	0	5
38	23	0	5				1	1		38	0	5
37	20	3	5				1	2.860990756		37	3	5
33	29	3	2.201093055				1	3.41934151		33	3	2.201093055
12	19	3	5				1	1.385900982		12	3	5
19	34	3	3.513669922				1	1.086165356		19	3	3.513669922
28	22	3	5				1	2.337794619		28	3	5
35	43	3	3.425435346				1	3.556507786		35	3	3.425435346
4	43	3	3.933713261				1	2.201548047		4	3	3.933713261
11	27	2	5				1	1.819588581		11	2	5
42	35	3	1.546494319				1	1		42	3	1.546494319
3	8	3	5				1	3.89178965		3	3	5
27	10	0	1.439746988				1	1.273652212		27	0	1.439746988
42	43	3	1.448774889				1	1		42	3	1.448774889
14	7	0	1.5213706				1	4.806234822		14	0	1.5213706
5	36	0	3.231623678				1	2.603645724		5	0	3.231623678
46	21	0	4.34868477				1	3.400870698		46	0	4.34868477
48	28	0	2.424862047				1	2.832034169		48	0	2.424862047
6	47	0	3.275422263				1	2.058680125		6	0	3.275422263
4	17	4	2.348474627				1	2.238434433		4	4	2.348474627
16	29	3	1.112330458				1	3.562869497		16	3	1.112330458
10	40	0	1.553947826				1	4.404990088		10	0	1.553947826
31	44	2	4.930035883				1	3.390513794		31	2	4.930035883
1	40	0	2.779472567				1	1.749712433		1	0	2.779472567
6	27	2	2.895411875				1	3.338936897		6	2	2.895411875
9	48	0	5				1	1.362245357		9	0	5
26	2	0	5				1	2.303590386		26	0	5
49	2	0	1.64623638				1	2.171305415		49	0	1.64623638
10	43	3	4.799430053				1	5		10	3	4.799430053
34	11	4	2.98141064				1	2.599793099		34	4	2.98141064
3	40	0	3.945722547				2	4.296656921		3	0	3.945722547
19	47	0	4.370083221				2	4.133289687		19	0	4.370083221
47	23	0	3.993647836				2	4.701269513		47	0	3.993647836
4	10	0	2.234164141				2	1.433309333		4	0	2.234164141
8	18	3	1				2	2.757817447		8	3	1
17	14	0	5				2	1.513074443		17	0	5
19	1	3	2.579128801				2	2.681019127		19	3	2.579128801
6	38	4	4.952132378				2	1.49521843		6	4	4.952132378
49	40	0	1.188483452				2	4.576588955		49	0	1.188483452
28	47	0	1.327571024				2	5		28	0	1.327571024
7	36	0	5				2	3.723736978		7	0	5
25	25	4	1.660548164				2	1		25	4	1.660548164
47	32	2	2.421236668				2	3.656771225		47	2	2.421236668
6	14	0	1.489753215				2	4.615522142		6	0	1.489753215
38	47	0	4.18668457				2	1.743469635		38	0	4.18668457
18	3	3	5				2	3.226978799		18	3	5
49	21	0	1.470677904				2	5		49	0	1.470677904
23	28	0	5				2	1		23	0	5
4	33	4	4.591576871				2	5		4	4	4.591576871
5	41	0	3.838992829				2	5		5	0	3.838992829
32	28	0	5				2	5		32	0	5
36	20	3	1.412607318				2	4.25390027		36	3	1.412607318
42	17	4	1				2	1		42	4	1
21	45	4	3.048986313				2	3.030874719		21	4	3.048986313
39	7	0	4.713273504				2	2.226304739		39	0	4.713273504
48	26	1	3.609274735				2	3.871263642		48	1	3.609274735
4	36	0	2.609286925				2	1.0943992		4	0	2.609286925
30	39	2	2.831142682				2	4.372885078		30	2	2.831142682
16	10	0	4.495446803				2	3.805479452		16	0	4.495446803
41	46	3	2.879303376				2	5		41	3	2.879303376
38	38	4	1.19231649				2	2.235481697		38	4	1.19231649
14	44	2	5				2	5		14	2	5
2	48	0	3.7494969				2	3.947668852		2	0	3.7494969
39	42	0	3.999247869				2	4.040735187		39	0	3.999247869
29	48	0	3.223025336				2	4.136108928		29	0	3.223025336
17	46	3	2.413404778				2	2.434656043		17	3	2.413404778
44	12	4	2.237840521				2	4.589767628		44	4	2.237840521
18	46	3	5				2	2.528131195		18	3	5
30	9	0	2.072453326				2	2.883204564		30	0	2.072453326
4	37	2	3.734464561				2	5		4	2	3.734464561
35	35	3	1.751478381				2	3.631455876		35	3	1.751478381
32	33	4	1.663638776				2	5		32	4	1.663638776
25	26	1	1				2	2.666144299		25	1	1
23	42	0	4.426420826				2	4.053618367		23	0	4.426420826
40	7	0	2.55660479				2	1		40	0	2.55660479
25	30	0	2.607502531				2	4.220825892		25	0	2.607502531
35	40	0	2.462472683				2	4.654058691		35	0	2.462472683
32	32	2	2.105811808				2	4.708623602		32	2	2.105811808
6	34	3	1				2	5		6	3	1
12	43	3	5				2	4.836482496		12	3	5
10	39	2	3.98833577				2	2.684207058		10	2	3.98833577
2	20	3	3.459563616				2	2.725573486		2	3	3.459563616
22	34	3	3.333939581				2	3.807911235		22	3	3.333939581
22	48	0	1.137045858				2	5		22	0	1.137045858
20	26	1	2.860990756				2	4.930035883		20	1	2.860990756
21	1	3	4.238320415				2	2.895411875		21	3	4.238320415
1	26	1	3.41934151				2	2.421236668		1	1	3.41934151
41	17	4	1.481800256				2	2.831142682		41	4	1.481800256
45	44	2	5				2	5		45	2	5
25	26	1	1.385900982				2	3.734464561		25	1	1.385900982
42	42	0	3.845065346				2	2.105811808		42	0	3.845065346
17	38	4	3.551089258				2	3.98833577		17	4	3.551089258
27	28	0	2.112012024				2	5		27	0	2.112012024
27	12	4	5				2	4.445784919		27	4	5
44	36	0	5				2	3.158497857		44	0	5
10	47	0	2.037040977				2	5		10	0	2.037040977
47	7	0	3.139389184				2	2.739046952		47	0	3.139389184
6	10	0	2.626556025				2	5		6	0	2.626556025
28	15	2	4.445784919				2	4.773166846		28	2	4.445784919
25	13	2	3.158497857				2	2.272783651		25	2	3.158497857
11	14	0	4.10841546				2	5		11	0	4.10841546
5	37	2	5				2	5		5	2	5
9	23	0	5				2	3.029826952		9	0	5
1	42	0	4.15751868				2	2.958187332		1	0	4.15751868
40	25	4	4.187968397				2	4.335573872		40	4	4.187968397
5	17	4	2.571335173				2	3.774340427		5	4	2.571335173
10	2	0	1.407505992				2	2.105645702		10	0	1.407505992
45	12	4	5				2	3.313107724		45	4	5
49	28	0	1.716675682				2	4.486058337		49	0	1.716675682
9	41	0	5				2	4.435355334		9	0	5
23	18	3	1				2	3.732878867		23	3	1
29	20	3	5				2	4.552023418		29	3	5
42	15	2	2.739046952				2	2.82813745		42	2	2.739046952
31	15	2	5				2	3.556519653		31	2	5
48	21	0	1				2	5		48	0	1
41	21	0	3.424383456				2	2.556666946		41	0	3.424383456
13	24	3	2.057745572				2	1.528602046		13	3	2.057745572
18	19	3	5				2	5		18	3	5
17	44	2	4.773166846				2	1		17	2	4.773166846
22	18	3	3.674580155				2	1.541053168		22	3	3.674580155
34	26	1	1.086165356				2	2.774963581		34	1	1.086165356
5	10	0	3.324695797				2	4.130207673		5	0	3.324695797
12	25	4	1				2	5		12	4	1
18	42	0	5				2	2.986621791		18	0	5
4	32	2	2.272783651				2	3.89479735		4	2	2.272783651
30	18	3	2.95181599				2	1.163387105		30	3	2.95181599
22	26	1	2.337794619				2	3.562135528		22	1	2.337794619
36	22	3	3.070820254				2	5		36	3	3.070820254
13	4	1	3.556507786				2	4.175481809		13	1	3.556507786
28	32	2	5				2	5		28	2	5
5	35	3	1.94687235				2	4.284436294		5	3	1.94687235
42	26	1	2.201548047				2	5		42	1	2.201548047
47	32	2	5				2	2.440775917		47	2	5
20	29	3	1				2	3.927553491		20	3	1
8	49	3	3.944483174				2	2.729728432		8	3	3.944483174
5	7	0	3.286767832				2	4.176845113		5	0	3.286767832
27	24	3	3.038395742				2	2.951166772		27	3	3.038395742
39	27	2	3.029826952				2	4.924112173		39	2	3.029826952
47	49	3	3.413380056				2	2.65916185		47	3	3.413380056
7	28	0	5				2	2.045957459		7	0	5
0	47	0	3.88815166				2	1.265878698		0	0	3.88815166
11	49	3	2.379459582				2	5		11	3	2.379459582
35	8	3	2.602848201				2	2.595305233		35	3	2.602848201
0	19	3	5				2	1.514542599		0	3	5
14	28	0	1				2	3.797555577		14	0	1
10	19	3	5				2	5		10	3	5
47	23	0	2.389376722				2	2.087344612		47	0	2.389376722
46	28	0	4.633997444				2	3.885456742		46	0	4.633997444
40	39	2	2.958187332				2	2.303092254		40	2	2.958187332
34	4	1	1.819588581				2	2.674956544		34	1	1.819588581
25	7	0	1.040446909				2	5		25	0	1.040446909
20	47	0	5				2	5		20	0	5
5	39	2	4.335573872				2	3.064077652		5	2	4.335573872
35	18	3	2.554695544				2	4.509653694		35	3	2.554695544
16	43	3	1.616162638				2	2.479640144		16	3	1.616162638
15	43	3	2.653519351				2	5		15	3	2.653519351
13	27	2	3.774340427				2	1		13	2	3.774340427
14	22	3	4.673506311				2	2.946548754		14	3	4.673506311
11	23	0	3.784000492				2	4.185946722		11	0	3.784000492
30	42	0	3.62700023				2	1.25821335		30	0	3.62700023
49	19	3	2.798891121				2	2.291567447		49	3	2.798891121
37	35	3	5				2	3.286822108		37	3	5
24	38	4	3.667507683				2	2.956084155		24	4	3.667507683
8	34	3	1.624299012				2	2.665682283		8	3	1.624299012
46	10	0	3.837811305				2	4.63902249		46	0	3.837811305
5	25	4	1.111170106				2	3.383427709		5	4	1.111170106
19	10	0	4.436182784				2	2.3966792		19	0	4.436182784
18	4	1	1				2	3.082340264		18	1	1
42	27	2	2.105645702				2	4.203166022		42	2	2.105645702
36	47	0	1.395118295				2	4.379883332		36	0	1.395118295
26	47	0	5				3	1		26	0	5
1	30	0	3.900471155				3	2.536953885		1	0	3.900471155
32	34	3	5				3	2.812465542		32	3	5
35	27	2	3.313107724				3	5		35	2	3.313107724
19	11	4	3.143818502				3	2.528991181		19	4	3.143818502
10	39	2	4.486058337				3	5		10	2	4.486058337
11	38	4	4.97091365				3	1.981602579		11	4	4.97091365
14	34	3	3.189329047				3	1.832041207		14	3	3.189329047
9	41	0	4.936011343				3	1.337041133		9	0	4.936011343
33	28	0	4.316011014				3	3.09046429		33	0	4.316011014
32	31	0	5				3	1.350381889		32	0	5
6	26	1	3.89178965				3	2.06488759		6	1	3.89178965
3	32	2	4.435355334				3	1.058904263		3	2	4.435355334
17	5	4	4.429991155				3	4.433832216		17	4	4.429991155
34	32	2	3.732878867				3	5		34	2	3.732878867
24	20	3	3.164327288				3	5		24	3	3.164327288
3	25	4	3.142813418				3	1.339223549		3	4	3.142813418
48	11	4	3.09633008				3	5		48	4	3.09633008
14	33	4	5				3	3.430383997		14	4	5
4	47	0	1.855514044				3	5		4	0	1.855514044
7	41	0	5				3	1.956289038		7	0	5
11	28	0	4.835862062				3	3.590628468		11	0	4.835862062
41	43	3	2.845525242				3	3.822810316		41	3	2.845525242
1	45	4	1.347675642				3	1.417140919		1	4	1.347675642
14	6	3	3.639012928				3	1.391988919		14	3	3.639012928
33	18	3	3.286214369				3	3.064151374		33	3	3.286214369
26	45	4	2.337898943				3	5		26	4	2.337898943
16	12	4	1.513318517				3	2.893036276		16	4	1.513318517
15	38	4	4.008485913				3	3.111274622		15	4	4.008485913
49	27	2	4.552023418				3	2.863322803		49	2	4.552023418
24	34	3	3.270270161				3	2.310924801		24	3	3.270270161
0	47	0	3.492806274				3	1.457784033		0	0	3.492806274
32	31	0	5				3	1.893252061		32	0	5
2	26	1	1.273652212				3	3.62497852		2	1	1.273652212
32	36	0	3.809852014				3	4.593454826		32	0	3.809852014
25	27	2	2.82813745				3	3.853016038		25	2	2.82813745
19	8	3	3.16101952				3	5		19	3	3.16101952
34	27	2	3.556519653				3	1.959988309		34	2	3.556519653
10	28	0	1.400301815				3	1.330239306		10	0	1.400301815
45	2	0	3.375708369				3	1.678127534		45	0	3.375708369
7	45	4	4.299309622				3	5		7	4	4.299309622
49	26	1	1				3	3.074042274		49	1	1
36	35	3	1.970805092				3	2.722380643		36	3	1.970805092
30	41	0	1				3	1.900169959		30	0	1
41	46	3	4.517511073				3	1.652087666		41	3	4.517511073
23	47	0	3.549576776				3	4.190457369		23	0	3.549576776
34	36	0	3.786752431				3	4.978872905		34	0	3.786752431
46	33	4	1.137934466				3	1		46	4	1.137934466
42	7	0	4.546587267				3	2.539577697		42	0	4.546587267
14	46	3	2.723668923				3	1		14	3	2.723668923
7	36	0	5				3	1.829466084		7	0	5
36	16	0	4.391475411				3	5		36	0	4.391475411
47	34	3	3.010095251				3	1.455523415		47	3	3.010095251
32	20	3	5				3	3.407428425		32	3	5
31	27	2	5				3	1		31	2	5
34	45	4	2.89281139				3	5		34	4	2.89281139
4	32	2	2.556666946				3	5		4	2	2.556666946
7	28	0	5				3	3.750047043		7	0	5
26	27	2	1.528602046				3	5		26	2	1.528602046
0	4	1	4.806234822				3	4.556408268		0	1	4.806234822
36	38	4	5				3	1		36	4	5
11	44	2	5				3	4.338494107		11	2	5
19	12	4	4.360755257				3	5		19	4	4.360755257
18	48	0	5				3	5		18	0	5
9	47	0	4.903747105				3	4.470905235		9	0	4.903747105
3	45	4	2.937765871				3	3.800872185		3	4	2.937765871
28	26	1	2.603645724				3	5		28	1	2.603645724
33	16	0	4.344399871				3	3.022139556		33	0	4.344399871
10	47	0	3.14351239				3	4.42745526		10	0	3.14351239
23	30	0	5				3	2.142674234		23	0	5
13	36	0	4.880495123				3	3.248199364		13	0	4.880495123
32	39	2	1				3	3.274642906		32	2	1
25	19	3	1				3	5		25	3	1
1	20	3	5				3	5		1	3	5
46	4	1	3.400870698				3	1.36822302		46	1	3.400870698
19	24	3	3.161337179				3	1.523873577		19	3	3.161337179
18	42	0	4.940985994				3	5		18	0	4.940985994
7	16	0	5				3	1.418963353		7	0	5
31	26	1	2.832034169				3	2.178690253		31	1	2.832034169
45	11	4	4.848940162				3	5		45	4	4.848940162
34	45	4	3.034274319				3	1		34	4	3.034274319
39	0	1	2.058680125				3	3.553470192		39	1	2.058680125
42	2	0	3.60727346				3	2.152547823		42	0	3.60727346
37	20	3	5				3	1.107702198		37	3	5
20	49	3	2.5247328				3	4.026461893		20	3	2.5247328
46	17	4	1				3	2.995681402		46	4	1
6	47	0	1				3	3.485983222		6	0	1
26	27	2	1.541053168				3	2.137063301		26	2	1.541053168
49	2	0	1				3	5		49	0	1
5	29	3	2.239065666				3	2.27348356		5	3	2.239065666
18	31	0	5				3	1.746298713		18	0	5
30	7	0	3.286442559				3	1		30	0	3.286442559
28	48	0	2.327052667				3	3.150495579		28	0	2.327052667
27	33	4	5				3	4.837722311		27	4	5
17	47	0	5				3	5		17	0	5
30	18	3	1.752950978				3	5		30	3	1.752950978
42	36	0	4.721760015				3	1.614516232		42	0	4.721760015
39	2	0	5				3	1.824448475		39	0	5
40	24	3	2.856719801				3	2.639823081		40	3	2.856719801
10	43	3	5				3	5		10	3	5
28	12	4	2.314186354				3	3.228494789		28	4	2.314186354
2	10	0	4.423732843				3	2.33308755		2	0	4.423732843
6	13	2	2.774963581				3	4.783371624		6	2	2.774963581
38	38	4	1				3	2.448755054		38	4	1
0	33	4	4.627219162				3	5		0	4	4.627219162
7	38	4	5				3	2.587606786		7	4	5
6	8	3	1.799741708				3	2.07626888		6	3	1.799741708
33	27	2	4.130207673				3	4.586966495		33	2	4.130207673
15	48	0	5				3	3.39136346		15	0	5
29	7	0	3.471785419				3	3.47963385		29	0	3.471785419
20	21	0	5				3	3.106301069		20	0	5
19	23	0	5				3	5		19	0	5
39	49	3	1.360680658				3	5		39	3	1.360680658
41	1	3	4.283480595				3	2.201093055		41	3	4.283480595
4	30	0	1.43576951				3	5		4	0	1.43576951
9	30	0	5				3	3.513669922		9	0	5
22	13	2	5				3	5		22	2	5
23	33	4	1				3	3.425435346		23	4	1
24	3	3	3.741603391				3	3.933713261		24	3	3.741603391
39	7	0	4.001592349				3	1.546494319		39	0	4.001592349
32	14	0	5				3	5		32	0	5
40	7	0	4.108322355				3	1.448774889		40	0	4.108322355
37	36	0	4.577570467				3	1.112330458		37	0	4.577570467
42	22	3	1				3	4.799430053		42	3	1
26	7	0	5				3	1		26	0	5
47	16	0	3.091081727				3	2.579128801		47	0	3.091081727
10	39	2	2.986621791				3	5		10	2	2.986621791
18	13	2	3.89479735				3	1.412607318		18	2	3.89479735
6	20	3	1.922401832				3	2.879303376		6	3	1.922401832
19	10	0	3.352482062				3	2.413404778		19	0	3.352482062
7	5	4	3.253069441				3	5		7	4	3.253069441
46	36	0	3.661875963				3	1.751478381		46	0	3.661875963
33	33	4	4.775417385				3	1		33	4	4.775417385
42	19	3	1				3	5		42	3	1
35	8	3	3.489282717				3	3.459563616		35	3	3.489282717
20	44	2	1.163387105				3	3.333939581		20	2	1.163387105
16	14	0	2.773694838				3	4.238320415		16	0	2.773694838
46	4	1	2.238434433				3	1		46	1	2.238434433
33	38	4	4.048563601				3	5		33	4	4.048563601
39	8	3	1.606066203				3	2.057745572		39	3	1.606066203
5	31	0	3.602962182				3	5		5	0	3.602962182
23	3	3	1.493352421				3	3.674580155		23	3	1.493352421
13	39	2	3.562135528				3	2.95181599		13	2	3.562135528
8	28	0	1.089122256				3	3.070820254		8	0	1.089122256
11	32	2	5				3	1.94687235		11	2	5
35	30	0	1				3	1		35	0	1
36	46	3	2.384852937				3	3.944483174		36	3	2.384852937
42	12	4	2.08353686				3	3.038395742		42	4	2.08353686
21	31	0	5				3	3.413380056		21	0	5
28	27	2	4.175481809				3	2.379459582		28	2	4.175481809
23	13	2	5				3	2.602848201		23	2	5
6	0	1	3.562869497				3	5		6	1	3.562869497
0	45	4	4.297333533				3	5		0	4	4.297333533
32	30	0	4.477229307				3	2.554695544		32	0	4.477229307
49	27	2	4.284436294				3	1.616162638		49	2	4.284436294
31	32	2	5				3	2.653519351		31	2	5
18	16	0	5				3	4.673506311		18	0	5
12	34	3	5				3	2.798891121		12	3	5
19	20	3	3.86996215				3	5		19	3	3.86996215
4	44	2	2.440775917				3	1.624299012		4	2	2.440775917
41	1	3	2.980869087				3	5		41	3	2.980869087
13	20	3	2.956101776				3	3.189329047		13	3	2.956101776
21	21	0	5				3	3.164327288		21	0	5
23	46	3	2.515714297				3	2.845525242		23	3	2.515714297
46	38	4	1.533164733				3	3.639012928		46	4	1.533164733
42	34	3	2.344671703				3	3.286214369		42	3	2.344671703
39	41	0	3.425953135				3	3.270270161		39	0	3.425953135
30	19	3	2.514938812				3	3.16101952		30	3	2.514938812
12	40	0	5				3	1.970805092		12	0	5
32	2	0	5				3	4.517511073		32	0	5
44	15	2	3.927553491				3	2.723668923		44	2	3.927553491
1	24	3	5				3	3.010095251		1	3	5
10	42	0	2.522034271				3	5		10	0	2.522034271
45	36	0	3.811974934				3	1		45	0	3.811974934
35	30	0	3.777771342				3	5		35	0	3.777771342
30	5	4	3.771008417				3	3.161337179		30	4	3.771008417
3	23	0	3.502759003				3	5		3	0	3.502759003
43	26	1	4.404990088				3	2.5247328		43	1	4.404990088
19	41	0	3.698892946				3	2.239065666		19	0	3.698892946
41	8	3	1.635504811				3	1.752950978		41	3	1.635504811
9	38	4	2.919901129				3	2.856719801		9	4	2.919901129
15	37	2	2.729728432				3	5		15	2	2.729728432
49	35	3	2.060381195				3	1.799741708		49	3	2.060381195
12	22	3	5				3	1.360680658		12	3	5
47	2	0	1.864954518				3	4.283480595		47	0	1.864954518
35	8	3	3.4562094				3	3.741603391		35	3	3.4562094
19	32	2	4.176845113				3	1		19	2	4.176845113
46	45	4	1				3	1.922401832		46	4	1
42	14	0	3.348502543				3	1		42	0	3.348502543
14	18	3	3.999281427				3	3.489282717		14	3	3.999281427
2	17	4	4.14675079				3	1.606066203		2	4	4.14675079
34	21	0	3.634274851				3	1.493352421		34	0	3.634274851
45	17	4	5				3	2.384852937		45	4	5
6	44	2	2.951166772				3	5		6	2	2.951166772
33	23	0	4.436812715				3	3.86996215		33	0	4.436812715
16	22	3	1.138782989				3	2.980869087		16	3	1.138782989
31	30	0	3.820349232				3	2.956101776		31	0	3.820349232
17	32	2	4.924112173				3	2.515714297		17	2	4.924112173
32	13	2	2.65916185				3	2.344671703		32	2	2.65916185
22	38	4	2.61287358				3	2.514938812		22	4	2.61287358
35	36	0	2.194942407				3	5		35	0	2.194942407
20	1	3	1				3	1.635504811		20	3	1
43	15	2	2.045957459				3	2.060381195		43	2	2.045957459
19	1	3	2.548667962				3	5		19	3	2.548667962
9	43	3	5				3	3.4562094		9	3	5
12	48	0	5				3	3.999281427		12	0	5
23	33	4	1				3	1.138782989		23	4	1
49	48	0	1				3	1		49	0	1
21	22	3	4.210680488				3	2.548667962		21	3	4.210680488
14	23	0	2.850301844				3	5		14	0	2.850301844
4	41	0	1.937905509				3	4.210680488		4	0	1.937905509
26	13	2	1.265878698				3	1.379001985		26	2	1.265878698
20	8	3	1.379001985				3	4.373703528		20	3	1.379001985
23	37	2	5				3	2.287861614		23	2	5
32	33	4	2.450899807				3	5		32	4	2.450899807
0	18	3	4.373703528				3	1.207104995		0	3	4.373703528
28	33	4	3.197432316				3	3.788085211		28	4	3.197432316
41	12	4	2.665457171				3	3.559918821		41	4	2.665457171
33	6	3	2.287861614				3	4.817116984		33	3	2.287861614
34	19	3	5				3	4.970090793		34	3	5
13	4	1	3.390513794				3	2.269390707		13	1	3.390513794
7	23	0	5				3	3.227587955		7	0	5
35	23	0	2.503932765				3	1.455331521		35	0	2.503932765
25	9	0	2.067285192				3	1		25	0	2.067285192
17	34	3	1.207104995				3	1.516364088		17	3	1.207104995
8	43	3	3.788085211				3	3.23325645		8	3	3.788085211
32	9	0	4.005573507				3	1.169566274		32	0	4.005573507
36	24	3	3.559918821				3	5		36	3	3.559918821
4	41	0	1.492387457				3	4.74235126		4	0	1.492387457
24	44	2	2.595305233				3	1.744836463		24	2	2.595305233
29	43	3	4.817116984				3	1		29	3	4.817116984
13	31	0	3.420209576				3	4.216303411		13	0	3.420209576
37	23	0	4.241692568				3	1.554651375		37	0	4.241692568
25	28	0	2.134749898				3	2.898276703		25	0	2.134749898
10	18	3	4.970090793				3	4.553936366		10	3	4.970090793
30	44	2	1.514542599				3	2.498351341		30	2	1.514542599
16	3	3	2.269390707				3	2.952526174		16	3	2.269390707
37	40	0	2.343147348				3	5		37	0	2.343147348
31	17	4	4.230873432				3	5		31	4	4.230873432
11	43	3	3.227587955				3	5		11	3	3.227587955
6	47	0	1				3	5		6	0	1
42	20	3	1.455331521				3	1.833969509		42	3	1.455331521
32	12	4	2.18122835				3	5		32	4	2.18122835
24	16	0	4.598346663				3	5		24	0	4.598346663
11	2	0	4.604497307				3	1.533605437		11	0	4.604497307
41	10	0	3.660341891				3	5		41	0	3.660341891
39	20	3	1				3	5		39	3	1
13	16	0	4.505765936				3	3.655377612		13	0	4.505765936
34	14	0	4.218597351				3	2.854290009		34	0	4.218597351
49	15	2	3.797555577				3	2.680850972		49	2	3.797555577
20	19	3	1.516364088				3	1.613632535		20	3	1.516364088
29	44	2	5				3	1.425865316		29	2	5
7	2	0	5				3	1.048275516		7	0	5
49	7	0	2.343818531				3	4.986453159		49	0	2.343818531
22	29	3	3.23325645				3	1.787991836		22	3	3.23325645
28	42	0	2.32761453				3	5		28	0	2.32761453
6	22	3	1.169566274				3	4.935565167		6	3	1.169566274
32	3	3	5				3	5		32	3	5
11	11	4	4.622884879				3	4.548353065		11	4	4.622884879
24	48	0	4.091062373				3	2.291349611		24	0	4.091062373
8	48	0	1.027448204				3	5		8	0	1.027448204
10	35	3	4.74235126				3	4.582275488		10	3	4.74235126
44	38	4	3.178308916				3	2.971934373		44	4	3.178308916
39	29	3	1.744836463				3	3.401404475		39	3	1.744836463
12	42	0	5				3	2.924528864		12	0	5
32	4	1	1.749712433				3	1.189029132		32	1	1.749712433
0	15	2	2.087344612				3	3.405683945		0	2	2.087344612
35	28	0	1.630319371				3	1		35	0	1.630319371
49	21	0	1.408052849				3	1.467696093		49	0	1.408052849
42	49	3	1				3	2.463732368		42	3	1
19	15	2	3.885456742				3	5		19	2	3.885456742
40	48	0	1.302440707				3	5		40	0	1.302440707
33	26	1	3.338936897				3	2.708785913		33	1	3.338936897
16	15	2	2.303092254				4	5		16	2	2.303092254
32	13	2	2.674956544				4	3.752058194		32	2	2.674956544
48	23	0	1.795562107				4	1		48	0	1.795562107
9	36	0	5				4	4.687691951		9	0	5
24	9	0	4.953652247				4	2.415464053		24	0	4.953652247
27	33	4	5				4	5		27	4	5
13	38	4	2.371977473				4	4.762121693		13	4	2.371977473
12	43	3	4.216303411				4	1.071286791		12	3	4.216303411
44	24	3	1.554651375				4	2.170923834		44	3	1.554651375
49	24	3	2.898276703				4	3.337443166		49	3	2.898276703
20	38	4	5				4	1		20	4	5
27	48	0	1.645995128				4	1.938913652		27	0	1.645995128
21	17	4	2.916941973				4	4.496652416		21	4	2.916941973
25	12	4	3.999774056				4	3.407979608		25	4	3.999774056
29	22	3	4.553936366				4	2.4742851		29	3	4.553936366
16	29	3	2.498351341				4	1		16	3	2.498351341
40	18	3	2.952526174				4	4.384823959		40	3	2.952526174
9	35	3	5				4	1		9	3	5
18	29	3	5				4	2.87224269		18	3	5
32	6	3	5				4	5		32	3	5
11	15	2	5				4	4.853867776		11	2	5
29	3	3	5				4	1.683027714		29	3	5
44	3	3	1.833969509				4	1		44	3	1.833969509
17	30	0	4.630244043				4	3.713522202		17	0	4.630244043
1	49	3	5				4	2.335858567		1	3	5
28	19	3	5				4	5		28	3	5
16	28	0	2.749707122				4	4.707471397		16	0	2.749707122
42	19	3	1.533605437				4	5		42	3	1.533605437
9	6	3	5				4	5		9	3	5
37	32	2	5				4	5		37	2	5
29	21	0	2.994176803				4	5		29	0	2.994176803
18	40	0	5				4	1		18	0	5
4	32	2	3.064077652				4	3.683355573		4	2	3.064077652
2	2	0	5				4	3.239534494		2	0	5
40	23	0	3.347947488				4	4.454867125		40	0	3.347947488
44	47	0	5				4	5		44	0	5
26	7	0	5				4	3.279693751		26	0	5
33	12	4	5				4	2.053399863		33	4	5
46	41	0	4.967227458				4	1.155275001		46	0	4.967227458
21	42	0	5				4	4.358872562		21	0	5
42	26	1	1.362245357				4	1.945322841		42	1	1.362245357
3	44	2	4.509653694				4	2.537824742		3	2	4.509653694
33	9	0	4.68269968				4	3.344181967		33	0	4.68269968
10	1	3	5				4	1		10	3	5
12	36	0	5				4	1.829899655		12	0	5
21	30	0	5				4	2.290961075		21	0	5
46	33	4	1				4	1.277793328		46	4	1
14	49	3	3.655377612				4	5		14	3	3.655377612
1	40	0	2.247364035				4	5		1	0	2.247364035
26	49	3	2.854290009				4	5		26	3	2.854290009
39	22	3	2.680850972				4	2.252662857		39	3	2.680850972
22	31	0	2.253671395				4	4.95372912		22	0	2.253671395
1	44	2	2.479640144				4	4.7341924		1	2	2.479640144
25	1	3	1.613632535				4	3.029224944		25	3	1.613632535
12	9	0	5				4	5		12	0	5
11	39	2	5				4	4.253862017		11	2	5
20	41	0	5				4	2.979902286		20	0	5
28	36	0	1.98635234				4	2.600141309		28	0	1.98635234
37	25	4	3.092165497				4	5		37	4	3.092165497
26	37	2	1				4	4.840755965		26	2	1
21	0	1	2.303590386				4	1.480352618		21	1	2.303590386
24	28	0	4.335432703				4	4.597733489		24	0	4.335432703
17	29	3	1.425865316				4	2.94050014		17	3	1.425865316
38	12	4	1				4	4.363143843		38	4	1
1	31	0	2.119182702				4	1.42951633		1	0	2.119182702
7	14	0	5				4	5		7	0	5
5	8	3	1.048275516				4	3.93519115		5	3	1.048275516
47	32	2	2.946548754				4	3.608771495		47	2	2.946548754
8	12	4	5				4	5		8	4	5
44	42	0	4.77269901				4	3.930293395		44	0	4.77269901
21	36	0	5				4	4.943737893		21	0	5
19	23	0	4.869364511				4	2.348474627		19	0	4.869364511
3	16	0	4.137726183				4	2.98141064		3	0	4.137726183
33	47	0	4.920642198				4	4.952132378		33	0	4.920642198
7	42	0	5				4	1.660548164		7	0	5
37	22	3	4.986453159				4	4.591576871		37	3	4.986453159
27	28	0	2.863328454				4	1		27	0	2.863328454
34	30	0	3.031847961				4	3.048986313		34	0	3.031847961
20	17	4	5				4	1.19231649		20	4	5
26	29	3	1.787991836				4	2.237840521		26	3	1.787991836
21	48	0	5				4	1.663638776		21	0	5
42	39	2	4.185946722				4	1.481800256		42	2	4.185946722
38	42	0	2.6810093				4	3.551089258		38	0	2.6810093
20	13	2	1.25821335				4	5		20	2	1.25821335
9	21	0	5				4	4.187968397		9	0	5
28	20	3	5				4	2.571335173		28	3	5
14	5	4	5				4	5		14	4	5
27	13	2	2.291567447				4	1		27	2	2.291567447
47	48	0	2.423417956				4	3.667507683		47	0	2.423417956
31	1	3	4.935565167				4	1.111170106		31	3	4.935565167
36	14	0	2.943115484				4	3.143818502		36	0	2.943115484
4	14	0	2.864730673				4	4.97091365		4	0	2.864730673
46	2	0	4.020381528				4	4.429991155		46	0	4.020381528
1	20	3	5				4	3.142813418		1	3	5
5	41	0	3.39902147				4	3.09633008		5	0	3.39902147
9	22	3	4.548353065				4	5		9	3	4.548353065
11	38	4	4.770902248				4	1.347675642		11	4	4.770902248
37	40	0	3.134046977				4	2.337898943		37	0	3.134046977
44	41	0	5				4	1.513318517		44	0	5
19	3	3	2.291349611				4	4.008485913		19	3	2.291349611
10	17	4	5				4	4.299309622		10	4	5
1	8	3	5				4	1.137934466		1	3	5
0	44	2	3.286822108				4	2.89281139		0	2	3.286822108
41	41	0	2.887920931				4	5		41	0	2.887920931
7	45	4	4.426686089				4	4.360755257		7	4	4.426686089
2	29	3	4.582275488				4	2.937765871		2	3	4.582275488
20	11	4	5				4	4.848940162		20	4	5
15	10	0	4.419666863				4	3.034274319		15	0	4.419666863
38	20	3	2.971934373				4	1		38	3	2.971934373
14	31	0	1.742268588				4	5		14	0	1.742268588
23	36	0	5				4	2.314186354		23	0	5
11	3	3	3.401404475				4	1		11	3	3.401404475
10	10	0	2.449689747				4	4.627219162		10	0	2.449689747
14	11	4	5				4	5		14	4	5
26	20	3	2.924528864				4	1		26	3	2.924528864
4	0	1	2.171305415				4	3.253069441		4	1	2.171305415
28	9	0	1				4	4.775417385		28	0	1
46	25	4	1				4	4.048563601		46	4	1
48	28	0	1.501703664				4	2.08353686		48	0	1.501703664
19	39	2	2.956084155				4	4.297333533		19	2	2.956084155
28	9	0	3.113096473				4	1.533164733		28	0	3.113096473
44	10	0	5				4	3.771008417		44	0	5
39	43	3	1.189029132				4	2.919901129		39	3	1.189029132
12	21	0	5				4	1		12	0	5
47	10	0	2.452998237				4	4.14675079		47	0	2.452998237
13	16	0	5				4	5		13	0	5
46	13	2	2.665682283				4	2.61287358		46	2	2.665682283
32	48	0	4.200811558				4	1		32	0	4.200811558
31	19	3	3.405683945				4	2.450899807		31	3	3.405683945
23	26	1	5				4	3.197432316		23	1	5
3	13	2	4.63902249				4	2.665457171		3	2	4.63902249
47	5	4	1.293068105				4	4.230873432		47	4	1.293068105
34	5	4	4.453433179				4	2.18122835		34	4	4.453433179
12	36	0	5				4	4.622884879		12	0	5
26	36	0	5				4	3.178308916		26	0	5
36	32	2	3.383427709				4	5		36	2	3.383427709
32	11	4	2.730563005				4	2.371977473		32	4	2.730563005
24	40	0	3.935207088				4	5		24	0	3.935207088
44	1	3	1				4	2.916941973		44	3	1
25	43	3	1.467696093				4	3.999774056		25	3	1.467696093
26	49	3	2.463732368				4	5		26	3	2.463732368
34	13	2	2.3966792				4	1		34	2	2.3966792
33	36	0	3.507759442				4	3.092165497		33	0	3.507759442
32	16	0	4.817974397				4	1		32	0	4.817974397
22	5	4	3.718869706				4	5		22	4	3.718869706
10	34	3	5				4	5		10	3	5
35	31	0	2.177455069				4	5		35	0	2.177455069
36	37	2	3.082340264				4	4.770902248		36	2	3.082340264
48	17	4	3.024457321				4	5		48	4	3.024457321
39	33	4	5				4	4.426686089		39	4	5
29	37	2	4.203166022				4	5		29	2	4.203166022
33	39	2	4.379883332				4	5		33	2	4.379883332
11	14	0	3.130426713				4	1		11	0	3.130426713
2	12	4	2.71507469				4	1.293068105		2	4	2.71507469
37	21	0	3.800191583				4	4.453433179		37	0	3.800191583
32	29	3	5				4	2.730563005		32	3	5
49	1	3	2.708785913				4	3.718869706		49	3	2.708785913
31	4	1	2.599793099				4	3.024457321		31	1	2.599793099
27	47	0	1.772383103				4	5		27	0	1.772383103
3	47	0	3.637312234				4	2.71507469		3	0	3.637312234