36	30	0	5.0	0.42399034431002686
41	31	7	4.641031724038034	0.23565498950084934
53	95	1	1.0	0.17767018693538772
9	75	6	3.3467898319623237	0.04868098761257963
48	19	5	1.2303341826566783	0.08336835833554986
84	91	0	4.041583833717404	0.5844237046240475
40	76	2	3.8897853314178987	0.3261799136723488
27	61	0	1.7671783746122496	0.5735087955205309
96	50	7	3.1120894551363865	0.24002684606884817
5	9	6	1.9810950301089028	0.20877733781046648
22	94	9	5.0	0.14057462481871183
91	2	4	3.3038620967497665	0.0458582583573096
1	81	5	3.8294100030287512	-0.0241370614915458
65	90	4	3.482906634116061	-0.0022360145577963488
46	78	1	1.8333944885146753	0.020396938476590187
16	53	2	1.3838247334452851	0.01620540914294379
10	71	4	4.594224059297052	-0.03971120838800628
28	16	0	1.2654675261976203	0.3788014775362977
11	19	5	2.078650299129043	0.2108866778147464
45	81	5	5.0	0.1422846406178087
85	8	5	5.0	0.1833757789086464
4	87	2	2.175464592746372	0.14654103244150768
18	77	6	4.926354901163667	0.018873651476376763
34	89	1	2.983903304456456	-0.03143002000781431
47	93	3	2.932884641786995	-0.0033365596145587244
57	5	5	4.351379283017717	-0.13344691712930318
26	75	6	5.0	-0.12003679526045005
97	19	5	5.0	-0.0011945071562559223
36	32	2	3.9267253600590406	0.16993302040432684
35	72	1	1.02335888869108	-0.02286675287887792
7	16	0	3.039291989379002	0.5872301397499902
52	42	1	4.834608838432774	0.24803637131587622
14	52	2	1.5700280221725562	0.16574259745893916
33	60	0	3.648949838829822	0.5133358752180749
81	96	6	1.3264383043987489	0.23545843487236529
76	11	6	5.0	0.058157208162456626
50	44	9	4.0478619000134435	-0.030455828727931688
71	83	6	5.0	-0.02402672324201372
78	10	9	5.0	-0.03801121596462065
29	94	9	5.0	-0.1061387287048777
10	13	5	4.64281763362289	-0.01079856132414745
56	15	7	4.807489739191992	0.15149886704260732
39	20	3	1.2450145335726936	0.05763998587232545
3	3	3	3.138083883178528	-0.05688072621031293
59	43	9	1.8347344005725341	-0.09623050178444446
62	97	2	3.4185290440225953	0.025478183993631227
33	74	2	3.96389193435318	0.06603733358439434
51	89	1	1.0	-0.05066615913490938
64	66	9	4.167073599603127	0.05651764004744986
99	60	0	2.820803032106463	0.32603107387409125
90	37	4	1.041778084902306	0.0685106452966961
49	43	9	5.0	0.022883744350987736
9	87	2	2.3090615339568235	0.07374326550053076
68	7	7	2.6171573394833327	0.01397871522516194
14	59	1	3.8217672158103397	0.11069471652672415
48	86	3	1.6284660062970224	0.18421219295486105
50	27	6	1.0760160897949238	0.05121409710239121
0	69	8	3.536386597302512	-0.045718505985775544
45	84	8	4.862895495798084	-0.06713957501785751
61	47	1	1.3070169295203837	0.11133524476838258
83	89	1	2.7248661154253897	0.07621383167068282
22	21	5	4.110552173046061	-0.01033283292829594
54	25	1	3.190280032823933	0.13978060500758976
7	55	5	1.9185500718503494	0.05334863740010424
55	3	3	2.4290573678875784	-0.052876886574005216
71	7	7	4.302353325811491	0.13707046695223074
36	40	7	5.0	0.06734356965107424
11	49	4	4.144834856526846	-0.011923512402963105
87	35	3	2.7818927458683946	-0.03991595560219037
0	98	0	1.7154833190511214	0.36740890743266025
66	38	0	5.0	0.7613436610071908
28	66	9	5.0	0.3155518296447869
17	89	1	2.931771273440259	0.27405352761839485
94	38	0	1.8934343456704747	0.7501437059593755
92	74	2	4.588131844585246	0.25658924928301274
57	71	4	4.102232262065003	0.14051771103502433
99	36	6	3.935159581493905	0.14470083537278916
44	75	6	1.9354985124578568	0.16520667650865012
46	27	6	2.9807582541716897	0.1125744801738228
60	25	1	1.5363594259301316	0.09133871884425304
34	78	1	3.732345341653833	0.03578813952377849
20	88	0	1.7151370776610553	0.49853457438874177
64	23	4	1.9710133241348295	0.33997911991063545
93	12	9	4.56346585815307	0.136066381136423
79	85	9	4.714849651297832	0.14409593892204164
7	58	0	3.4628335591055346	0.5844950778116279
59	46	5	5.0	0.21399257297841065
9	14	6	4.00677411366787	-0.03012564200199984
89	84	8	4.655656337275747	-0.04370532228945601
41	51	3	3.548506554182529	-0.20088673724456177
52	95	1	3.8627554105835706	-0.2295999933297071
46	7	7	5.0	-0.0023781832776306466
30	31	7	4.856415078871323	0.22320677985370002
97	83	6	2.7303861923514745	0.18053988548399535
14	12	9	1.0	0.12696555341137966
11	65	6	5.0	0.004876430896908236
56	23	4	1.3521920329803887	-0.08617863763432448
96	95	1	1.64065164903218	-0.15065968657968784
66	67	9	3.3625016203815923	-0.040783844661756885
85	63	6	3.3672807445782604	-0.17288498201319152
73	55	5	1.1406821012747816	-0.08500574989197215
64	16	0	1.0	0.4477897035136056
82	53	2	3.0502218806933454	0.11162771265360436
21	48	4	1.0	0.06601341268600552
4	48	4	2.97020604979306	-0.02974844295499514
10	88	0	1.0	0.4315446979490981
29	23	4	4.701236095286726	0.299686147636204
89	27	6	4.176290883907236	0.3216885816222028
39	71	4	2.2431277313821045	0.07504329648523195
20	70	8	2.7946982318648663	0.027100545207180304
44	93	3	4.008566422440471	0.030618950508892503
94	40	7	3.0769674794068047	-0.07728960042408825
93	85	9	4.57025407493792	-0.0877012880464991
41	87	2	1.0	-0.1566552014321518
15	73	3	2.076072824403819	-0.27567744507472286
27	56	3	2.9175059901315348	-0.1608307873366719
19	69	8	1.6836286565836789	-0.27600413818564973
67	51	3	5.0	-0.16775546490357002
13	3	3	4.248556305358253	-0.18078928394330773
16	28	8	3.3153363050345965	-0.10917529535014088
85	31	7	4.035116946558995	-0.05638233292453519
56	33	9	3.8795547434540985	0.023470660830923452
71	3	3	3.853061190013524	0.03203518765080057
57	61	0	5.0	0.5037741263256396
36	60	0	5.0	0.7043170742745553
87	39	8	1.452302077150678	0.40261719484428465
66	35	3	3.3559658982841154	0.3575884681946716
28	37	4	1.2631193455624843	0.07981567026065707
78	97	2	1.2768805590010495	0.008743859518806678
48	73	3	2.623117668106876	0.0019080346605544578
77	30	0	2.9061562998932047	0.3983442344874567
74	98	0	5.0	0.505130561021307
91	69	8	5.0	0.117219277758047
12	70	8	5.0	-0.05304111637766133
81	11	6	2.568240526908081	-0.2343186433750172
8	9	6	5.0	-0.09280387842519552
19	73	3	2.189685093918031	-0.09541925334233882
4	87	2	2.7767872958283037	-0.13858335257696397
67	21	5	3.814351924274746	0.09365725093368807
76	93	3	4.23396182107121	0.10450073382907504
97	75	6	3.583973883884607	0.14732297949093504
41	91	0	4.853445719537602	0.6142474632841272
32	51	3	3.7310741885376597	0.2930407966055018
9	47	1	3.175068434003801	0.23358683905145422
92	46	5	4.685248412294021	0.10929855943251793
78	3	3	1.0591629215415705	-0.04573090653707622
64	96	6	3.121096595868363	0.0501482768943654
30	38	0	3.041557928743504	0.5900510896694428
2	72	1	1.0	0.4856590436173031
80	74	2	1.6370115470645459	0.25233670891122445
85	36	6	2.854458858986426	0.16337982996638034
62	7	7	1.6665973944158645	-0.03154972033941095
94	97	2	3.7309402818583957	-0.023350156917297263
15	4	0	3.1962035863153915	0.379383720752928
27	89	1	3.7899161700271846	0.26631494003441075
83	18	3	2.619373553496514	0.14288593029059898
79	54	0	5.0	0.6890518881510902
21	79	6	3.9650951503091973	0.2740415545823477
22	70	8	3.594396516421802	0.03331006952326879
23	73	3	2.099751935522522	-0.17694716448765468
3	26	4	4.327585040507189	0.04387383226971103
77	61	0	3.068542627079785	0.42862878511753844
5	59	1	1.9501918216125993	0.16123356807035488
88	85	9	1.7059104373765506	-0.029347926134666427
30	6	4	3.675244093498395	0.023789361819949
68	93	3	1.0	0.0402930415120905
37	46	5	1.0	-0.1203930317650648
6	29	8	4.856764304528211	0.0029807941251460135
90	49	4	1.1693131571372164	0.11512083544718751
26	52	2	5.0	0.00910760045517766
97	89	1	1.137227703769404	-0.10450314021892956
62	28	8	1.4811173835328724	-0.08466272353076956
21	17	9	5.0	-0.13417424689294422
78	92	1	1.932753782937788	-0.09819900170879586
28	28	8	5.0	-0.13845382712317655
50	90	4	1.9792531900490204	-0.2642864925422998
83	14	6	4.074840396971307	0.07387953304975806
20	38	0	1.5254936694935342	0.4300094200195555
1	47	1	2.60870997482828	0.17708700074502243
70	83	6	2.4594840623135994	0.20267016119374826
30	40	7	4.672138851449151	0.2503630622585202
69	81	5	2.342021720585237	-0.01257120939655218
44	99	1	5.0	-0.06581024603036849
12	28	8	4.340728147609759	0.11737135090987325
31	43	9	2.5171470861401737	0.0029594160220635032
17	91	0	2.8846561186649406	0.4105948433000156
94	74	2	3.325441858909877	0.2809059567617245
16	89	1	1.0	-0.014101016393713861
78	33	9	5.0	-0.051802836055874824
41	7	7	4.6354806337739385	-0.04065728110440623
53	57	9	5.0	0.09787764547706962
63	53	2	5.0	-0.07583772520153327
52	34	8	4.2824162353018576	-0.03222790394976765
39	35	3	1.4326172632924696	0.010586612194556054
47	59	1	4.556846374079007	0.0060344432204042
62	4	0	1.6739331907279988	0.5090138933789131
3	89	1	2.6711895422435146	0.33230072236776936
35	48	4	4.786044685093186	0.09113344460921577
43	17	9	3.2126071199660124	-0.0023136684176938913
70	41	7	4.456525653528721	-0.01251458888656763
46	25	1	2.138328410095711	0.10805668801911024
6	14	6	1.7247677330767186	0.12899742240046144
27	14	6	5.0	-0.08053047769049525
8	56	3	3.838099396431062	-0.12428153520080032
34	20	3	2.4913959182984913	-0.12194297219302898
97	20	3	1.4033473471294249	-0.07356927305313186
53	89	1	1.1816680558795978	-0.08941025175494674
64	33	9	3.350174794474359	0.07901360845111188
0	40	7	1.5739075179488173	-0.06934229499972323
36	15	7	5.0	-0.14652058732530088
95	52	2	3.588245495591317	0.03379829885649639
88	50	7	5.0	-0.1708363595603924
59	87	2	1.3001197315050224	-0.006748741100268768
35	17	9	5.0	-0.002006468556606031
68	14	6	1.3693483176048067	0.10308209168303692
93	48	4	4.625386614262026	0.19052319387444616
18	47	1	1.0	0.10715109761628268
45	91	0	4.887667698052022	0.510350788495936
23	36	6	4.713725635188774	0.028679043841299684
41	16	0	4.115502672010582	0.2801988917109637
82	44	9	5.0	0.32873622674085257
37	98	0	5.0	0.7462919057422095
16	58	0	4.906150195534808	0.9032691124376762
51	66	9	5.0	0.7007618395115869
95	77	6	1.4501996324234994	0.35069031277619733
72	18	3	2.713677920154637	0.02453468503980505
39	63	6	5.0	-0.05918161425208589
93	83	6	5.0	0.015649305243295324
24	41	7	4.013353904943321	0.1190942729572178
63	58	0	1.2214672309990156	0.5135875219077675
90	98	0	5.0	0.5716163223822477
88	8	5	1.0	0.33484223258428436
79	45	3	5.0	0.1836235103984814
27	50	7	2.0925600594880622	0.1972844541923207
41	56	3	5.0	0.0798230987765358
47	13	5	1.4213770722531702	0.10884575939419633
70	6	4	2.0724112043574374	0.035886082919116616
30	25	1	1.8799806181323526	-0.09308618826295847
22	72	1	4.1577546041642055	-0.08459735559947469
81	42	1	5.0	-0.06605758346877569
81	28	8	1.672835858343933	0.054027889618233196
78	39	8	4.390577508205523	0.10213888047798245
50	47	1	3.652728064169973	-0.14016774186591424
73	45	3	1.0	-0.07974979113144659
18	6	4	4.4373273168225476	-0.11822637037525233
43	24	3	5.0	-0.1229356873731314
4	55	5	4.869286506217526	-0.08866098547594332
8	26	4	2.980795818178827	-0.07616587286607787
23	87	2	2.6190031568589873	-0.16954956496117446
46	74	2	5.0	-0.09338355155878166
42	37	4	3.193226171157641	0.09180479940174813
76	83	6	4.587677336651328	0.07277716258658995
17	50	7	4.993812548350827	-0.03459699880688591
38	70	8	5.0	-0.08926501721192671
2	34	8	4.477660949143311	0.005610678528239682
79	88	0	5.0	0.4078562229161946
25	64	6	4.707637142212421	0.03692294285038408
1	59	1	1.9270443086812723	0.09939986089657471
67	93	3	4.5903488900554095	0.04666240208975317
66	17	9	5.0	-0.0167941702577667
99	20	3	2.9209498996514007	-0.12614638240656403
3	85	9	5.0	0.01577884128739812
75	28	8	4.415149812763715	-0.11179952773315267
9	91	0	2.268265077572971	0.29621087682664093
6	77	6	1.8245435730525756	0.04085067766551265
23	22	3	1.0	-0.028275228697846738
91	45	3	3.3452489102270975	-0.13295523924233793
19	52	2	3.727323945966303	0.1070421943905254
11	7	7	2.24396001650696	-0.09085900000262932
70	25	1	1.5045447512980181	-0.10938143030893424
82	46	5	1.0	-0.021677754730936742
38	26	4	3.4670159326086973	-0.13890108103830534
72	63	6	2.787294981690392	-0.007163404820284713
83	19	5	2.943963418494028	-0.08872232760590147
22	31	7	3.4091555129130353	-0.2768397465743895
14	71	4	3.138280319364256	-0.18102392891550986
59	51	3	1.0	-0.01763483962000495
71	42	1	2.7925490355177844	-0.05169498394723315
93	86	3	3.1316104070068853	-0.0016679024423796526
47	24	3	4.3445868335202125	-0.08862209036339573
53	43	9	5.0	-0.11282235710203595
89	40	7	1.8632005342868685	-0.0319566919713699
24	23	4	2.0571527413842414	-0.042492615793542195
68	28	8	4.19955744893319	0.01105349380565097
66	65	6	5.0	-0.03486213713560759
73	54	0	1.9930434853141936	0.5097951893955143
56	1	2	2.994578404438893	0.34403784108368207
63	81	5	1.5874526939570277	0.10921884004331982
45	25	1	4.947851766475379	0.052217269067308655
41	7	7	4.308370171223244	0.1380525478900909
4	46	5	4.522372746136504	0.11697871377551679
74	52	2	2.810355847928269	0.07135250894028031
90	19	5	1.068918746639015	0.057738481352491586
7	70	8	1.0	0.05352469710455167
38	68	8	5.0	0.08569110571592495
37	39	8	4.569469955972597	0.12702460999571236
12	72	1	1.9298015687609216	-0.003505220638232373
98	19	5	4.370819160740452	0.06999476451897199
70	96	6	1.3244739648364334	0.17419705914108768
26	22	3	1.7285674136373126	0.11551090607864241
95	63	6	2.2814952587556068	0.17275302543542626
80	92	1	4.1524582378208	0.16002814672302457
37	65	6	3.342832751980774	0.11289911203919173
60	8	5	1.0	0.11805584333991812
63	85	9	1.2613701405798612	-0.16848474530102758
61	20	3	1.5155362044547411	-0.24655920348571184
0	97	2	2.6649286213603727	-0.1532977727167529
71	87	2	5.0	-0.14432228597957864
39	99	1	1.0	-0.0757210920517604
57	60	0	4.9045965415593145	0.4269128350246546
75	37	4	2.4377924392751407	0.3484264441903476
47	85	9	5.0	0.13525573050988005
33	97	2	3.090043967751443	0.08637858980175168
77	77	6	3.8868913505810796	-0.09391547050085508
51	12	9	5.0	0.016478298189722226
20	44	9	3.6833502448330346	-0.0337993537731451
18	40	7	3.5839393614763257	0.06124002874123084
65	65	6	4.8647286716565015	-0.10350689191957435
12	5	5	3.860730292656748	-0.061349661961629616
45	43	9	2.8618241995882396	0.06742136240319759
1	17	9	3.5130334043195304	0.14519464411237668
51	14	6	3.347245392288446	0.19429862803244982
87	43	9	5.0	0.09862000453956227
65	46	5	1.7970101931949747	-0.1007254671934841
3	37	4	4.649386155631532	-0.16858494446802125
88	28	8	5.0	-0.0642575510417262
73	42	1	1.6187835015168601	-0.08766969055633478
58	31	7	3.205483444700913	0.17754264357951707
9	8	5	3.9979406355961293	0.055348158712154705
96	42	1	1.0997537046759582	-0.045634636092431125
25	71	4	5.0	-0.14210348587590374
33	67	9	4.775805380431441	-0.2678704017251277
14	93	3	5.0	-0.16119576732976007
63	70	8	2.7863818005640333	-0.1108877656862853
26	92	1	4.118345546590417	-0.1124064275287875
20	98	0	1.4253400386346886	0.3537167291022822
76	73	3	3.795687282696019	0.3238976912876018
24	63	6	4.480730475779925	0.042384710940374104
23	13	5	1.0	0.04604198274681012
22	68	8	4.679338823186449	0.23545346171224452
93	76	2	5.0	0.12031850550842525
0	52	2	5.0	-0.10296412947212483
48	42	1	4.78745626975402	-0.09501941345942862
6	32	2	5.0	0.06642447200003485
60	66	9	1.5236695098697068	0.034493332682403934
73	89	1	2.5815547303371837	-0.04327453524718118
28	55	5	5.0	0.015425620420603053
3	29	8	3.7419731138958423	0.002569530207685542
38	76	2	3.6821267785569702	-0.19126664706033078
87	93	3	2.7930769914866027	0.0223633716772466
41	2	4	4.023672100044398	-0.11158464028685489
13	69	8	1.3451203536090344	-0.019238621732497047
71	47	1	3.998491160409553	-0.19599695870210315
36	79	6	3.3553945651964745	-0.04155369945906354
54	56	3	5.0	-0.09863379818113216
67	19	5	3.328119973613485	-0.08625557147222188
62	39	8	2.056299156788448	-0.11715571971964972
78	67	9	5.0	-0.11240013634966092
90	58	0	4.2542109374827985	0.59008457861308
30	52	2	3.7807882695838058	0.1415493240666259
6	71	4	4.020702055792382	0.15773955707324233
66	43	9	3.833070241307575	-0.02909623327636361
79	6	4	5.0	-0.04297041591725513
22	90	4	5.0	-0.14932657486074133
4	39	8	1.0	-0.04512477506059121
63	81	5	1.4929363836345961	-0.13806830999898131
97	20	3	1.0	0.08631659371643373
9	13	5	4.464491188166267	0.26655776145929583
53	62	2	1.3768401120946465	0.15958265046748582
73	97	2	5.0	0.039947038473978395
40	64	6	3.6758655626041636	-0.012256227511441318
87	95	1	1.0	-0.025107594910433774
88	85	9	1.1767657445850643	-0.0011526096469656154
41	60	0	4.064074664808481	0.38434242060805845
18	92	1	1.1121324515148527	0.27774245026565414
91	2	4	3.293454189583803	0.14703241173333081
7	31	7	2.3400233490537365	-0.007439927875549465
17	64	6	3.239387845487383	-0.024116542836306543
89	50	7	2.701263060087638	-0.021107953616876278
78	94	9	5.0	-0.08765263717909562
77	40	7	4.087740686212986	0.05989662250145555
58	16	0	2.0379673480730056	0.30254149830939137
50	13	5	4.024751331559649	0.1639144507317029
96	2	4	4.285311419502022	0.014838063244075717
92	58	0	3.2273419469605	0.6728497528522044
80	93	3	2.02608876207944	0.3791641929235288
21	97	2	2.61204184419896	0.16980874189136702
17	61	0	4.4835424260771335	0.6151229562382959
78	50	7	3.1628273307328465	0.20089176468802267
67	75	6	1.8752064031257838	0.12432294012272552
73	45	3	1.6269053527638222	0.16658351882985561
25	37	4	4.359022611594642	-0.07791093486474288
88	53	2	2.1729657854344615	0.03776673080280549
64	77	6	2.3817863389634892	0.04355638175307228
20	66	9	4.157878635377323	0.07635831466480802
54	7	7	3.4696415710267527	-0.009013413758167783
12	77	6	2.434654644935391	-0.014761107632170133
10	51	3	5.0	-0.1200231112403166
62	62	2	3.82285233499162	0.007729812264967169
41	44	9	2.327279725401042	0.007675609418366985
90	57	9	3.1134822008392837	-0.1303129643581986
9	2	4	1.683951882786594	-0.004934634200969311
74	14	6	2.8522912316153914	-0.029367314324874327
43	5	5	4.963146654891787	-0.21001615814607033
21	30	0	4.551369944838941	0.4616624875721975
64	27	6	2.050702852786887	0.11872470590611545
56	19	5	2.011635160387012	0.05435295494050545
62	3	3	4.976110508601694	-0.05223248688879305
79	86	3	5.0	0.0012142268490632178
63	0	5	2.3738625281105135	0.04550913705246733
53	46	5	4.335320745251517	0.04911725949471816
57	52	2	4.657913332953544	0.09324529185174993
18	87	2	2.133771880508704	0.08409684904734747
82	13	5	1.9622765800987054	0.05154900507285605
27	28	8	3.829534778820356	-0.2297355138001899
26	56	3	1.3501224098306643	-0.010653066384000584
31	86	3	4.732058636744381	-0.11798161780636979
65	8	5	1.6598700727467486	0.05307997543423852
34	67	9	3.535154745878586	0.06294225013132113
85	25	1	5.0	0.04978683115593857
64	53	2	2.3363908634587274	-0.07742463216072316
51	84	8	4.215282011795158	0.010605171664275166
7	75	6	1.2657985526208582	-0.09449637544640178
2	42	1	1.1925976956587143	0.06822521376284213
4	42	1	4.960458571894306	0.07805631886291214
61	0	5	4.369557043562139	0.16072488195543494
16	52	2	1.0	0.08436053956607872
27	3	3	1.5158816833908402	0.11974427552018597
91	59	1	2.196462085194478	0.061502280478292946
19	4	0	2.62268126457575	0.5742774097045026
65	66	9	5.0	0.18953853908679363
75	91	0	5.0	0.4948972622385298
29	97	2	3.745614267728456	0.1804739796564624
49	95	1	2.526657440392023	0.0454344344172044
81	36	6	2.0243651687260655	-0.0009992524768972257
90	88	0	3.1588113626138994	0.5859020957020478
28	75	6	2.191719484564955	0.38425041711611185
48	55	5	2.291862284362815	0.32393464642111214
71	13	5	5.0	0.1594608233127633
46	97	2	4.9802835713606	-0.010371853288527563
22	88	0	2.073056926829223	0.6068068946865104
64	21	5	5.0	0.25607252673652653
29	50	7	1.0	0.06897622977459163
58	75	6	3.781755942353983	0.09261079097203567
19	80	5	2.2474238812417524	0.024119050075381798
56	70	8	3.083627674734624	0.19517591733040904
66	96	6	5.0	0.09526483975997374
42	54	0	2.1555557595494284	0.606308896735721
46	29	8	5.0	0.35184526714120556
68	89	1	1.0	0.09431271835043373
17	61	0	4.113278545490028	0.309467812901988
84	0	5	1.807015469515639	0.029221586979087444
26	14	6	5.0	0.1888671904392702
38	99	1	2.13553047345687	0.22596279932368254
1	65	6	1.2455071011071355	0.16279737666772046
14	75	6	5.0	0.04717798858600325
36	38	0	5.0	0.5691722800015759
3	20	3	1.563853137233705	0.21245254790378604
37	39	8	3.221430489930235	0.07435349554880823
85	7	7	4.345843842193212	0.17386828804648177
76	66	9	4.606349589386462	0.14104488959099584
79	29	8	1.0959534486643419	0.20436152670252988
34	67	9	4.078950265637626	0.0867504318200214
31	82	8	4.173128798294324	0.0569356001822388
12	16	0	1.2384549656780708	0.4665813314397424
63	21	5	1.515802779335491	0.2119394828339207
2	52	2	1.796597966134778	0.14337128104186217
3	20	3	2.0221618007808964	0.1472639921806425
81	40	7	3.5187681301040215	0.11461385954808541
84	58	0	5.0	0.46348419868882146
39	1	2	4.746666593027564	0.3581304372507915
70	30	0	1.128147428275508	0.6316179907288816
42	86	3	3.3632299132698145	0.2931194826782178
30	18	3	5.0	0.06764656818599632
78	74	2	1.7673819713303875	0.02539287298935517
7	47	1	1.0744492403257409	0.029262727844428946
65	45	3	3.211588010388513	-0.046574326816719615
38	56	3	5.0	0.051573962117289554
68	28	8	4.917379582415131	-0.05568794291321843
11	66	9	1.679246968541174	-0.10083193765393793
5	88	0	1.0	0.40851048843755455
12	78	1	1.7459811019618399	0.2600743599444708
84	73	3	1.0	0.2366156856287514
98	76	2	1.3653013701363974	0.0776039665667067
54	93	3	5.0	-0.10839957824287572
73	57	9	2.591923564346705	-0.013835566830888463
25	31	7	5.0	0.01886911336474699
27	25	1	4.177682926873449	-0.060691029900380576
63	91	0	1.0	0.3701911085514674
52	75	6	1.0302586803378122	0.08507898896295361
9	51	3	3.7717368965067086	0.22545716885081674
29	64	6	5.0	0.20409738753319379
28	5	5	4.0823451884716055	0.1154840807999217
64	8	5	5.0	0.004825572271354647
58	35	3	1.0	0.07068896725185142
61	85	9	1.0	-0.11583708793342465
49	6	4	1.0	-0.042338737329418626
34	86	3	1.9696526581976723	0.21363443814207705
89	65	6	4.739830294900744	-0.02478248802763708
86	37	4	5.0	-0.11452803349345331
34	13	5	1.0	0.052145317861631846
17	93	3	1.814382803971215	0.13038701464033992
19	24	3	3.1071876577701127	0.1590016511880798
49	53	2	3.036438189573282	0.12638550264179554
88	77	6	2.2661093764785445	0.02092576052108428
67	21	5	4.0249675388901585	0.08980398970617533
81	14	6	2.42775284253285	-0.02492106167199145
61	64	6	4.11382347099648	-0.12314028150195361
65	64	6	5.0	0.018079152956183092
64	32	2	2.5318465105439913	-0.04365000318886846
60	52	2	4.551258352836448	0.16976246860298116
22	20	3	4.790593913719124	-0.00123892329202617
80	53	2	3.443833705168384	0.08054679669931306
6	79	6	2.8522990208696974	0.042604603796340505
0	46	5	1.0	-0.14314121949086073
44	28	8	2.4875594423567704	-0.14738525312809514
33	88	0	1.9897591489649702	0.4459750804177648
86	42	1	1.332776904155883	0.20483471696101366
25	97	2	2.2285654296917117	0.054193706253381754
72	59	1	3.102430182348617	-0.07870094896270913
81	31	7	4.317703543108998	0.08772942320098087
62	15	7	4.665337143991128	0.21596553802959703
85	51	3	1.339044232212888	-0.0011608158108841887
71	65	6	3.6647949034133926	-0.02774612037644362
80	32	2	1.1122575345050814	-0.016631875899294313
9	81	5	4.421954618288266	0.026874463703674405
58	30	0	2.278114291423943	0.41361017133902034
22	26	4	5.0	0.34853221765187586
94	79	6	4.065180187554087	0.021907910234284927
53	90	4	5.0	-0.12141679151866132
88	86	3	2.636162440784789	-0.0698615720571612
39	83	6	5.0	-0.08434385342454281
61	64	6	3.293975480839139	-0.10455108048139591
74	73	3	3.3229662834319953	-0.07117452861862934
86	47	1	3.237461547296563	0.08839675952454201
59	94	9	1.0	-0.05718489534554326
32	71	4	3.9833296105245033	0.04415712244953247
82	66	9	5.0	-0.13944849450003488
23	14	6	4.868063376739433	-0.06214585777305646
3	25	1	2.3708004462102386	-0.17489955068389107
7	79	6	1.0	-0.19098990291996537
96	94	9	5.0	-0.23657162072429894
34	43	9	5.0	0.0406961608514981
58	61	0	2.225884120335605	0.6432505535211838
73	38	0	4.201177951311126	0.8053055772399664
9	18	3	4.648907269419033	0.2693197012656062
79	73	3	5.0	0.24178511573783873
75	83	6	2.2877053234186557	0.1310156742249205
47	34	8	3.677632364082247	0.0848271105927266
32	36	6	4.709720147929167	0.1451605049884525
63	80	5	1.0	0.026411793901431613
54	51	3	5.0	-0.034070247421623484
3	78	1	2.70023474645872	0.06004199626696831
35	58	0	3.5550674739161687	0.5012882340326541
65	58	0	2.9114000903871844	0.7967604623130092
15	24	3	1.0	0.3981180490035505
76	43	9	4.727562772872825	0.17698457135056495
82	11	6	3.9137951920980525	-0.044789003722189
52	41	7	5.0	-0.029191576330000808
19	53	2	3.4902251941375866	-0.03000171187037729
55	46	5	3.765522365243682	-0.17236860475659319
1	45	3	3.4984638996135393	-0.10925546458337437
69	94	9	1.336874679853305	-0.05212214652487178
9	6	4	3.418371728660511	-0.05617542165150547
78	58	0	4.034814245334421	0.6183860757443919
63	75	6	1.0	0.3139563824356662
5	63	6	3.535217258862516	-0.10924202900060195
81	27	6	2.827986049208401	-0.03525027945355351
50	42	1	2.8923229733603386	0.027576410540516134
27	34	8	1.7229366866199491	0.017068631106354155
38	89	1	1.460088640776119	-0.044730626570296014
22	48	4	4.635750460472454	-0.055034930599742155
76	93	3	3.876854534130499	0.12030089148199787
99	8	5	1.558974291057925	0.09879461104470127
19	1	2	3.5124769623039866	0.020376742605113976
20	63	6	1.2958455001051539	-0.07367129488449806
39	67	9	3.873790647087894	-0.08452250828731256
47	35	3	1.9977552423755793	-0.1676073928557011
40	35	3	2.17597020341611	-0.10414463862108041
3	92	1	2.2540996967273124	-0.06840148795209253
45	27	6	4.589481302385548	-0.02432123421951246
1	50	7	3.6264920785477495	-0.07280163649203611
81	97	2	5.0	0.1014710750259895
23	27	6	4.676465131795505	0.056001124674684294
37	25	1	1.47980545772258	-0.09395572483439656
53	46	5	3.963387387107082	0.026835578823313604
7	25	1	2.0275140480046248	0.024066735795841142
73	58	0	1.841093609610814	0.4268961754850547
96	13	5	4.455830367731552	0.1082340529749221
87	66	9	5.0	0.18489317009618103
57	19	5	5.0	0.28874770219918333
42	41	7	4.6948476770998635	0.15050657173577603
61	79	6	1.9006128889623695	0.07879121557577963
43	50	7	1.0	-0.09261733832222485
31	8	5	3.282666313660371	0.029724662947926986
10	7	7	3.231675615676448	0.19040128249257096
70	91	0	1.9618097665127885	0.4682251843982239
50	35	3	3.9174093134831076	0.12095975525867816
18	16	0	2.7052809320317617	0.5911959425853549
71	66	9	2.4980064930948043	0.1873488994964445
7	75	6	1.0003376863570765	0.005545900068051224
13	48	4	1.5380305907516512	-0.08271545964227464
77	60	0	1.8041449385690043	0.31354375996329825
53	73	3	2.93454684495377	0.20632345870057606
93	19	5	5.0	0.28531602345667184
5	90	4	5.0	0.2514000925688935
92	0	5	5.0	-0.10451665157989817
97	29	8	4.058048281952234	-0.25008816601374634
1	19	5	4.502279165365593	-0.21108328657760572
50	43	9	4.899146420217828	-0.18695605370757656
88	41	7	5.0	-0.06806349869232171
9	50	7	4.299899760476194	0.10875187436306372
95	22	3	1.224422247213096	-0.001983688216114221
20	35	3	5.0	0.03457635354103959
62	29	8	1.560758243275636	-0.11484140264932505
89	67	9	3.421105790543318	-0.10004527515121339
76	54	0	3.444434937128593	0.39556465643679584
52	14	6	2.807323716375785	0.545364712475436
36	38	0	5.0	0.6007515786534195
69	37	4	4.632076787515361	0.2927357900700817
4	18	3	5.0	0.134475207496355
76	19	5	2.575642470909982	0.047082225411928524
8	52	2	4.05237436135483	0.10736636152549384
55	83	6	4.425411954506345	0.24673766754633442
45	73	3	1.0	0.2259270069329611
12	67	9	2.8630691664856895	0.14084313638284768
6	12	9	3.340101472713157	-0.1374142567685143
11	94	9	5.0	-0.03543028048336612
81	37	4	1.0	0.0327454762244221
80	44	9	4.877355545520063	-0.011108557942263241
78	2	4	2.528774289102523	0.13152634420739848
83	97	2	1.0	0.11205486469513284
72	84	8	2.809189694049782	0.038572814915255674
19	10	9	1.0971809717444398	0.022846389592084515
2	21	5	5.0	-0.03230585278464604
31	23	4	5.0	-0.01883719396093999
88	23	4	5.0	0.009098914662677367
56	77	6	4.060148378896944	0.02330487366863812
61	89	1	1.0	-0.05051557467069721
14	80	5	1.9759736008396491	-0.04014983448360948
55	69	8	3.933695420029106	0.06879784199984004
29	98	0	4.497971305063058	0.7984798143067744
22	30	0	5.0	0.8363777985033266
41	62	2	1.0	0.4056807984355225
30	88	0	4.676472232645045	0.7418568454669119
62	43	9	1.0	0.385126740028895
12	89	1	1.2332679278740357	0.09488012039166951
87	93	3	2.2617023841787	0.2910090843279794
44	92	1	5.0	0.09451152818172634
82	33	9	5.0	-0.09081669792076659
58	5	5	3.703258228340236	0.061690378934255184
35	13	5	2.983004741459473	0.12497652034447422
19	64	6	1.0	0.2457559546986566
53	30	0	1.8781362529710497	0.5725655178721905
46	65	6	1.8151799944215279	0.15389847948014956
66	37	4	1.0	0.1409021023933607
54	33	9	3.4479140035878353	0.01532507255022783
3	99	1	2.0544374989863043	-0.07564565764845814
97	78	1	3.258130619319706	-0.04004391944705641
88	71	4	5.0	0.022751040280046774
87	36	6	4.74810099628271	0.09224397326619839
77	89	1	4.6796093511184225	0.1327302505888829
84	99	1	3.5646037991637147	-0.005813521792639775
6	51	3	3.9905717948763906	0.01594289051729335
76	88	0	3.510546041308312	0.47570171275715956
92	8	5	4.410471620387532	0.22338856045158084
20	22	3	5.0	0.051825618441467276
38	0	5	4.9440832530827965	0.07494403689375885
98	0	5	5.0	-0.16564424054011204
25	94	9	2.7863961462187827	-0.3319895494682206
47	64	6	1.0	-0.09041895121552726
66	45	3	1.9155503051510752	-0.07124258299353971
12	33	9	2.996169898380513	-0.17171593342239372
55	52	2	5.0	-0.12997495557980454
78	19	5	4.132256862541909	0.03993863998588962
68	78	1	1.128680724576399	-0.07844124369652035
90	60	0	2.669037688010277	0.4310771657169672
86	18	3	1.3353726378414863	0.07566971171864595
4	70	8	1.2285607199962214	-0.2257897667184607
27	58	0	1.0	0.3479096908284337
6	62	2	5.0	0.24214414498165227
85	17	9	4.7641028638121075	0.0634369162252236
27	97	2	5.0	0.006284410950786409
14	38	0	1.1289747348989603	0.3300032129704749
70	82	8	1.812439141969986	0.1694269575958127
96	0	5	2.270883572094135	0.20775651272914453
37	18	3	2.182647084341082	0.08839036944261605
95	51	3	2.130734175588273	0.05221355387274275
55	47	1	1.0	0.021943426952315936
31	54	0	2.1197358015648153	0.47622780285616806
66	54	0	5.0	0.5918319945951308
49	25	1	3.223037345746643	0.1972816465928572
89	74	2	3.9621376122572585	0.2608077747491104
32	81	5	1.4496886780689133	0.2553063749195567
76	82	8	1.9025044044457051	0.041338882288486686
56	97	2	2.8193888373921046	-0.19319465728346363
75	8	5	3.172978620255355	-0.20670595415997622
73	61	0	1.1350181770701842	0.24443190188524
11	16	0	1.533255604319681	0.6825484617512979
4	14	6	1.6329808609539627	0.53700900909935
24	16	0	2.564936223712078	0.807945976525341
76	52	2	4.867350852939326	0.1905783348429516
64	55	5	5.0	0.05992435448577676
36	38	0	5.0	0.5990931796355805
88	5	5	3.4597616169344745	0.3575599994771416
19	31	7	1.0	0.2717294460073053
28	28	8	4.392650486991242	0.18788056042334172
82	65	6	2.734240829141721	0.12739224003837105
29	21	5	4.159518337994326	0.13352430165871135
58	92	1	1.0	0.15989297056485507
74	86	3	2.800668648343553	0.11328492024740203
41	53	2	1.1780551009965934	0.09807981766324853
44	70	8	3.719163939537913	0.012704966850104915
35	52	2	4.543181789407015	0.14996592554326085
66	55	5	3.579014327155601	-0.0065716681373400865
78	6	4	2.07478504782551	-0.20818978391381737
97	67	9	2.426357382092957	-0.018942647858471925
15	52	2	2.8176330239873897	0.0050359492558799835
37	60	0	4.658438274114055	0.6470180678045896
32	56	3	4.26898126492032	0.20058924380189402
19	41	7	1.0	0.19663165815937705
67	55	5	2.6493705089840507	-0.0012670528984024404
55	76	2	3.581132687068745	0.030997329291262248
87	31	7	3.8116342006523913	0.041912690249986354
63	18	3	1.745486750707245	-0.06300696669259498
65	37	4	2.1085715839617816	0.1738569315448522
2	57	9	1.7384694329483295	0.09139282768096951
58	63	6	2.34874761717312	-0.08300595827771817
4	33	9	5.0	-0.1165381184662059
45	8	5	4.340386261895686	0.030505843228383372
92	54	0	3.181517605537022	0.4445452674734136
40	2	4	1.0362611058263398	0.19444033409901312
31	2	4	5.0	0.08803860842011599
42	39	8	4.479644249835468	-0.1013811959660947
60	4	0	1.4944904698833348	0.3867001095579916
93	78	1	2.9681250853842136	0.18947550043650757
62	97	2	4.612690419501332	0.2213444250395961
47	78	1	5.0	0.060045314229922896
52	61	0	3.7082302992893017	0.5025674734317359
5	82	8	4.928558902339097	0.2256098496772101
87	7	7	3.832548069302483	0.16568985578388096
9	69	8	2.4029506296159377	0.24931493850881803
63	94	9	1.0047423170297214	0.12982918285100276
89	19	5	1.0	0.06563638742571999
17	52	2	1.0	-0.007520386457536159
30	30	0	4.234511476143597	0.48770659442849235
73	73	3	2.6615716280763015	0.3620758727625386
14	36	6	4.806189991307913	0.03842552213708855
60	13	5	1.0	0.07520248534149375
52	47	1	3.50858805900449	-0.12682394274551984
23	61	0	4.4298668987908885	0.5666615575698705
62	66	9	1.0	0.3041529273785134
72	8	5	3.996765062809274	0.16308378622825195
90	91	0	3.690218119000027	0.4518961833156746
75	8	5	3.3423653003419034	0.31256771124260724
25	0	5	5.0	0.05800267402729252
34	24	3	1.90744613650313	0.046204915767112734
43	16	0	2.372164234500087	0.5368669695666868
46	44	9	4.313669083508739	0.27126133322600193
78	22	3	1.281983313081009	0.16637848310767053
12	34	8	4.6616281448210115	0.027719560001360513
31	1	2	5.0	-0.16947134623421906
42	36	6	5.0	0.058889082587290864
99	25	1	4.723297650425682	0.1082947100579963
28	43	9	3.785652413338414	0.1587184379962066
2	95	1	2.4540941355414354	0.06861232088846772
3	17	9	5.0	0.2634268666233001
6	30	0	5.0	0.6535481725427347
76	92	1	3.906654478917498	0.15551459732716139
95	65	6	1.2994080694924395	0.20709870506843017
53	53	2	1.0	0.16009905170832206
77	42	1	4.449349129205699	0.061571807322934824
81	77	6	1.660562637928985	-0.026497464537932898
93	5	5	5.0	0.07954457800034409
35	42	1	1.9203745573325806	0.08581325120241806
78	11	6	3.148944257632709	0.11085332560656215
36	10	9	1.0	0.07006028075523157
15	67	9	5.0	0.0971346503510365
54	32	2	2.3678354678892557	0.0011625017822349398
5	6	4	4.997902098754567	0.1688976226288243
98	6	4	5.0	-0.050184605521023135
21	99	1	3.9746178720574443	-0.036297481393118496
31	63	6	4.16585703036777	-0.07581407644153046
40	66	9	2.3297806741992395	0.05312340361344371
82	71	4	5.0	0.1871121400925547
57	71	4	5.0	0.23232729632539773
89	63	6	3.6554648115261164	0.08950359166164658
74	73	3	2.791585719676599	-0.09303109855864738
22	99	1	1.8043284502915307	-0.021494299033095025
36	15	7	4.836459020620671	-0.04675566118460508
6	82	8	4.434779964185101	-0.02217905108432669
85	44	9	5.0	-0.0327414204795724
9	55	5	2.6727491332273163	0.09062045267287111
37	88	0	5.0	0.5502922142905828
76	3	3	2.7534560973750835	0.35136436105609425
79	26	4	5.0	0.1707482102673478
70	41	7	4.071229750837975	0.08250733503065857
13	62	2	4.784397174624875	0.041848063690812815
49	69	8	3.2771417910341683	0.03536683369345643
93	67	9	3.5261316561944223	0.10931457716678164
84	26	4	1.0	0.13605688420375384
87	61	0	4.67198043795069	0.5459354765904298
58	97	2	2.7794716071204837	0.3578899250896017
92	43	9	3.674663593578815	0.2745246902942636
52	20	3	1.101437014323186	0.2644924142350601
74	29	8	1.8496186085526607	-0.022305070381171577
26	32	2	5.0	-0.20445462159222338
49	41	7	2.708441692005376	-0.26959914345357583
76	36	6	4.61201481581693	0.00808398417943762
66	75	6	5.0	-0.0431127303766734
36	99	1	1.0	0.16580778405570212
7	78	1	1.8294913379879925	-0.04628021348560177
68	38	0	5.0	0.40500372720303013
96	76	2	3.2326923547590534	0.12081729956861793
46	52	2	5.0	0.22297617377402518
73	91	0	2.196508470396512	0.6320801466141684
41	40	7	4.212419235163935	0.35366988833573865
44	29	8	3.179170517185673	0.21167332668192648
98	49	4	3.850269108653264	0.10549743374123313
29	60	0	4.496513292818711	0.6211226063479942
65	80	5	1.9541760712130491	0.20828352345709217
3	62	2	1.7804295789530247	0.2167085452764425
22	79	6	4.876898352877954	0.11095411453050814
41	12	9	1.4842344917282602	-0.15043483571448618
39	51	3	1.0	-0.14921913567277428
63	38	0	1.0	0.4614676160892339
62	10	9	1.3686714710408328	0.3472374404176223
21	12	9	5.0	-0.017511989122825367
30	5	5	4.153229793093267	-0.04077412776553548
34	22	3	1.3289034833546833	-0.08265110962040745
70	17	9	1.7546558074266336	0.09271683576598405
6	56	3	5.0	0.04224488008403166
83	31	7	1.0	0.012931011240290783
13	76	2	4.672588306524858	-0.025079868820220584
28	92	1	1.0	-0.01297394394552052
16	91	0	2.1631073966499406	0.7273546748084233
93	73	3	1.9351276756977607	0.47198619920985563
50	67	9	3.1622367528231714	0.24174785155781242
90	42	1	2.5205068698917583	0.14114472200552125
15	1	2	1.578321912665682	0.1813976168320996
21	20	3	3.3303866981414365	0.23075861064470074
76	7	7	1.8234146410860765	0.08468076857651978
44	39	8	3.53274286706718	-0.023765262880582762
34	12	9	4.4251616149656074	-0.08310668457708445
2	82	8	3.9571066596097215	-0.10868912029608781
18	91	0	1.0	0.4160073753711205
89	83	6	4.12088930036398	0.2724648614226997
47	65	6	4.633384050844044	0.08339645728698272
51	95	1	1.0	-0.018118673809616834
91	29	8	4.532404174753726	0.05238871017306922
65	11	6	5.0	-0.10474094558291966
12	2	4	2.9017052807304977	-0.037304038245595195
3	32	2	4.023218157962633	-0.001850758648543064
17	36	6	3.7817424783547753	-0.043973200065985846
79	64	6	2.4283858227978463	0.008573949408264718
78	55	5	3.5673217203910585	0.22283813668802177
45	52	2	1.0	-0.07237796513263567
31	30	0	2.9803775441109597	0.6285340015645529
88	71	4	3.912409446993416	0.30330133698388656
14	48	4	4.2008909287958875	0.15158644200553295
24	43	9	1.6859865010592459	0.12019273150797209
47	64	6	1.1320633844067003	-0.03449415514770609
60	47	1	2.1598821438741997	-0.022134086739318784
40	14	6	3.7425356000753855	0.07161536048625433
81	29	8	2.908186898368778	-0.032398572814229365
58	86	3	1.0	0.07061181394403591
55	13	5	4.428423608975739	-0.011192736406603482
26	34	8	2.69641170275013	-0.03617632084660085
15	43	9	3.8478873782287732	0.08199169314853635
54	47	1	3.2022875636266592	0.07507862957334997
2	94	9	1.9214544776891094	0.2100277595669748
83	44	9	5.0	0.09124593256773653
39	59	1	1.0	-0.030679083057651865
7	87	2	5.0	0.09454254535922127
95	17	9	3.712433493878064	0.09159101007376419
36	26	4	3.9174834522888258	-0.06830761526171926
68	18	3	1.0	-0.06199206104953983
45	86	3	1.4814950033000105	-0.036218410654303146
43	72	1	4.80728401175491	-0.1062638642994993
19	81	5	1.0	-0.027733817119263437
62	68	8	1.516386574058498	-0.1356367350894483
92	84	8	4.521557137580967	-0.051417624462035946
25	97	2	2.167802818402679	-0.08928344210452366
39	52	2	5.0	-0.06797253497640955
93	96	6	4.6440001280908305	-0.1666232766591349
29	83	6	5.0	-0.1107293987966132
45	56	3	1.0	-0.1800385635082898
23	7	7	5.0	-0.1496155969137185
22	43	9	4.677724443306393	-0.21279362552424602
84	66	9	2.754541877100117	-0.26051182004559437
51	25	1	1.0	-0.23797315284737314
85	1	2	1.0	-0.12240068385317322
6	30	0	5.0	0.4373181117039686
26	5	5	2.692417708503982	0.17341754021199793
18	53	2	1.0	0.009394429598810372
89	48	4	1.5583671778157906	0.010990156656919398
31	18	3	4.582003879810021	0.021558170835176117
37	20	3	3.8947271444868004	0.07053125959129114
41	27	6	4.346134563053515	0.07584341378084913
21	72	1	3.756356437104385	0.08746516309039232
24	98	0	1.7852531775285736	0.4413139498554952
8	4	0	5.0	0.7020029026808715
60	59	1	1.6782117996456274	0.25912910835315434
39	42	1	1.6301911061052095	-0.10293071335949214
55	14	6	5.0	-0.013258087103512957
3	19	5	3.235405317579229	-0.03798200542912905
87	60	0	4.962324440838408	0.4369424632082721
7	98	0	4.6590588898635765	0.6856407278188891
43	8	5	5.0	0.5943205103121366
40	82	8	1.956575960266358	0.029473438029905097
22	32	2	5.0	-0.12629850132990625
54	23	4	1.991123696907919	-0.016716469969096058
94	95	1	3.2261049833107336	0.19632769205262915
59	18	3	1.0	0.2392560068270081
28	75	6	1.0	0.0965586197883952
12	17	9	2.1834500685385265	0.014518790507980613
82	24	3	3.752727655025859	0.01145164364545711
14	30	0	2.3450588918142614	0.42825725896799666
50	84	8	3.7611612716563827	0.19542962778364745
67	88	0	1.6376993582760462	0.50330002519557
98	65	6	1.0	0.26063910080866026
65	79	6	5.0	0.11350120450600529
71	17	9	1.5222658517129082	-0.09038282770343069
2	19	5	3.8329947475992876	-0.23224384525259348
60	90	4	3.2543413634986056	-0.2679074696482671
63	65	6	1.6415612182684987	-0.023264919976528714
34	52	2	4.58209464469914	-0.07002045986070837
70	78	1	2.7331753255048734	0.14628471187994685
31	83	6	4.317598641504191	0.20290431406977033
45	59	1	5.0	0.024388782180671725
77	89	1	5.0	0.14886146629617164
56	16	0	1.5504088367609388	0.60910700160963
73	81	5	1.0	0.314456554706187
85	65	6	2.8430968066416025	0.3055626514020247
27	92	1	5.0	0.13792915236291275
57	8	5	5.0	0.04512925584894147
95	71	4	4.901581831591715	-0.08313277882725097
12	67	9	3.179486047416903	-0.07537244856952574
99	42	1	5.0	-0.04462920488770821
39	28	8	4.01700569510699	-0.11138157018927194
63	48	4	5.0	0.1986472806545157
41	9	6	4.794413743690718	0.11255620955666398
76	93	3	4.238537329300406	0.03987288996037483
28	59	1	1.5117517721712024	-0.02525352009471834
43	38	0	2.2938356563021434	0.5621463748065766
80	89	1	4.667981701543488	0.16711752174306632
45	83	6	3.860854529174514	0.09228199344656404
10	27	6	5.0	0.0699322641001103
20	61	0	1.2346214636753663	0.4950592444274465
55	30	0	2.984571908052846	0.7036952835503343
72	2	4	2.944626891658251	0.3953681943234573
13	31	7	3.448832705363745	0.33458237093763665
78	95	1	1.3334096129276036	0.14288867730665872
49	91	0	4.376663853428393	0.514977330681905
50	18	3	4.029249022865622	0.23772751620253818
5	74	2	2.675652791412433	0.03228128377749845
8	62	2	4.635286556641153	-0.013711188543705972
9	30	0	2.5470029933180895	0.551542537342499
68	90	4	3.044862000558127	0.33702749775092133
3	3	3	2.0201189804583444	0.2856839243627304
53	13	5	3.647061359991817	0.1296835434772649
75	6	4	3.0872073567564087	0.14229863247335506
49	91	0	4.375857958314667	0.7732874227199436
46	37	4	3.645034708377046	0.457994298339062
62	34	8	1.4839102968639302	0.2342923385305263
90	79	6	4.176075185984056	-0.06401636151798405
29	2	4	3.3589294748743335	-0.13948047651906498
0	54	0	1.0408381647185798	0.4292479737733642
69	84	8	3.6083961128689306	0.4092853718105165
28	91	0	3.240453374902967	0.5734524686828654
57	43	9	3.4758092430218532	0.21743907037894902
13	28	8	3.7971798618443793	0.08193853345730584
35	51	3	2.055862772997637	-0.11825783416461408
15	96	6	2.6702061764442364	-0.12536637883830865
96	71	4	4.106453641500883	-0.18493716060049037
98	63	6	2.9347408794976753	-0.06382462448738557
78	35	3	1.0	-0.06399904847461882
70	46	5	4.560792804275863	-0.02052327360682149
92	8	5	5.0	-0.21964859858609997
58	61	0	1.0	0.28775309195631216
93	43	9	3.6100988959760394	0.124700666603585
83	85	9	5.0	0.25406910213232314
67	36	6	1.3524007072879596	0.03608014583175345
77	60	0	2.594599748746712	0.6286115486261038
30	97	2	4.075810250192368	0.5090263475765531
6	47	1	1.0	0.2899063844909537
97	16	0	4.861751860977714	0.8695065408569902
72	3	3	3.9371917210713026	0.35979866969425633
88	9	6	3.2082597817230845	0.34314445587645803
60	0	5	1.2619346314783593	0.10599018243083975
15	31	7	2.740789472174151	-0.019524468238681335
48	65	6	2.8551889255436427	-0.03586670437723556
68	17	9	4.976026760144159	0.12849795286521828
44	12	9	2.749176636595301	0.2838613387051474
42	12	9	5.0	0.0730710947880774
79	79	6	1.6320175310232514	0.12173801886354582
32	30	0	4.427158423574132	0.74781006770533
89	37	4	1.388172820787925	0.43630731438948683
51	75	6	2.3320299639749402	0.3231569382435181
39	47	1	1.0	0.23732555767536018
44	43	9	2.520443189325142	-0.02787185325119132
51	29	8	3.790200553992902	-0.014237595150105245
58	67	9	1.7107461887243312	0.07600439077119678
80	82	8	2.362549185877413	-0.368385054184836
21	13	5	1.0	-0.05696697145719801
64	47	1	1.0	-0.07973616605687982
96	37	4	4.375340018183395	-0.13057458544253825
0	93	3	4.985169399429988	-0.08859290088861348
22	70	8	3.6263853659220673	-0.038541493094529776
49	40	7	2.6503734567603066	-0.12375960780283965
81	29	8	2.926918285520997	0.07096822169973353
53	55	5	1.9336440528194203	0.07819088314725975
71	72	1	4.533118661693435	-0.06743097097315845
98	17	9	5.0	-0.019947380325586378
40	1	2	4.379025669764649	0.025112508112242873
79	74	2	3.4227941696409614	-0.056631401910899375
89	65	6	5.0	-0.12483582068817414
16	30	0	1.367211659676666	0.49672404801854364
99	43	9	2.3874079727494015	0.05793011749217489
61	73	3	1.8682708150404377	-0.12650111895378507
51	30	0	5.0	0.4396609636800472
40	6	4	2.502776280106474	0.2757691241572472
64	2	4	4.120934010991881	0.23677091105721212
87	22	3	1.757907992180722	0.42191089841695256
38	25	1	1.8104888862029656	0.08341569259984052
26	77	6	4.969127551372261	-0.09908332144929981
88	13	5	2.7980540317905973	0.03659109871499117
33	45	3	1.0	0.04850814259598079
55	17	9	2.1029870353228333	-0.029075084428681657
14	56	3	5.0	-0.11858064102769648
1	10	9	1.7059578435983944	-0.04469789738383468
2	39	8	3.458288227299446	-0.13452317956133386
7	79	6	1.0	-0.17722678586689167
32	11	6	3.5744654769923065	-0.12174436163461097
84	19	5	3.3631558879411747	-0.02926782979758167
60	42	1	1.5939024230444716	-0.14594318562751887
57	73	3	1.149281058459643	-0.17022887570039597
62	57	9	2.1516098005234587	-0.29311705799469
52	79	6	2.586465274200878	-0.10163534775008402
75	63	6	5.0	0.030903389700893187
66	25	1	1.0	-0.02659965268819756
35	78	1	3.4101564821658132	0.00018091944548688683
49	11	6	2.394278030586117	-0.002232147098811813
53	7	7	2.669978008552083	0.09365103700514998
44	67	9	1.5003676940832573	0.09966729884386696
46	63	6	1.0	-0.13612388142432286
76	41	7	1.0	-0.12317840507768052
26	2	4	4.00730637588207	-0.2690028617018747
63	78	1	2.161263401462703	-0.15394683208429502
85	23	4	3.7598180055052968	-0.0015568246328450108
86	80	5	4.316161832924931	-0.015782684298716196
3	15	7	3.422734290807936	0.11305846835078912
29	16	0	4.360466341784081	0.5880801028667714
55	72	1	1.3687338212940119	0.5019560478017664
19	62	2	3.3939290126488366	0.16104220920994444
90	15	7	1.291061823616048	0.17771330495714305
54	79	6	2.60182743038289	0.04136158710435057
51	49	4	5.0	-0.047713590348477164
40	73	3	1.0	0.10897281461688574
71	84	8	1.7488299304143866	0.08718822666884912
13	61	0	5.0	0.5913751731209902
80	36	6	4.504773132921976	0.41168049056881095
26	39	8	3.235731150427115	0.1876016242754658
40	88	0	2.0112701063903353	0.6878350672603898
75	24	3	1.6154773983755442	0.36400509672577797
94	54	0	2.140625909982495	0.8211479528668325
52	39	8	3.8965240901682936	0.47811024888748804
5	82	8	5.0	0.30211566826678216
61	9	6	1.7197238167632485	0.19862356745973284
36	50	7	4.874838126562305	0.1456881918092041
53	69	8	5.0	0.010701414663264915
73	24	3	1.0	0.01366639721528764
59	99	1	2.1151669695655535	-0.030905596711130235
30	15	7	4.500930843048664	-0.04767063454614683
90	60	0	3.709779774628964	0.33678064303945576
67	13	5	3.901354031907912	0.17251533233394156
33	36	6	2.4631569817890253	-0.07125617547418439
62	59	1	2.548215444169851	-0.04891071754559931
95	36	6	2.9530026934202755	-0.04908630371601072
1	20	3	3.263469254746679	0.036163054493835584
0	92	1	5.0	-0.14911301578623004
68	1	2	2.597481097641567	-0.1465354940547235
45	63	6	4.761044388825468	-0.19470282059653862
14	75	6	5.0	-0.08856839440067808
51	54	0	4.416336453973919	0.45762371237483185
98	30	0	2.27871559311513	0.8006346668727985
97	74	2	2.800698532994679	0.45634584121130756
86	45	3	1.8477764254948452	0.20043907584428225
78	53	2	4.143643086187614	0.4148892610810484
25	14	6	5.0	0.07895342845433231
54	23	4	1.643063526492147	0.07139199046055747
81	46	5	4.367066926551926	0.08369730972656739
50	1	2	1.6061604413107147	0.07081370224295182
74	96	6	2.5131433558435923	-0.0005302042011041674
52	53	2	1.6610826460435906	0.04840334716961565
57	56	3	1.0	0.08557138952562557
6	8	5	3.0343016942665004	0.07772784313801229
88	97	2	2.1457915308690025	-0.04997709355146668
12	70	8	4.174973499977506	-0.15773122888188018
17	29	8	4.345202526677427	-0.01646953126894099
87	8	5	1.0	0.043497714967020935
69	65	6	2.855208865138468	-0.046039893777095
31	2	4	4.835788717844299	0.03419145983069511
0	8	5	1.0	-0.07105266466733044
36	82	8	4.1314740473184095	-0.2053453032222651
17	21	5	4.532696644660392	-0.27330249316307714
81	96	6	2.1248386381198867	-0.31543745192039685
58	99	1	1.0	-0.2373977914684055
5	60	0	1.0	0.38455957614936936
76	72	1	4.185625137027248	0.38484600337168584
82	95	1	5.0	0.3654549032107351
50	73	3	3.9300039547987766	0.07149992389203266
8	39	8	3.388784840862338	-0.16034210658187326
2	20	3	1.7813297037042015	-0.13367740077954005
86	91	0	1.0542003604744474	0.5474177248261961
43	92	1	4.7579508369727375	0.3344945007027197
84	65	6	2.697258726205635	0.15175599593369166
59	59	1	1.497953945728679	0.1604408390963931
28	54	0	2.1079856711024174	0.6188758574405557
34	7	7	2.129621886607007	0.4294253293119525
85	75	6	2.9870852001904105	0.22969871625175553
52	68	8	3.03977098202807	-0.03691005536590322
67	41	7	1.0	-0.031765090718110275
50	68	8	4.879854210272285	-0.25468706357249293
13	33	9	4.07775521623154	-0.21573097540382458
81	53	2	5.0	-0.027576535023082063
20	16	0	1.0	0.4162693083703803
48	45	3	2.9171156105300913	0.3388315312443322
32	1	2	1.0	0.06098964346590238
77	30	0	3.0770314173998248	0.5387679137688681
38	98	0	4.281655594510978	0.6812612647894797
6	58	0	5.0	0.740488123874523
56	64	6	5.0	0.15960007885541805
2	69	8	1.89135891812448	0.16743846959145253
55	62	2	4.988286663805582	0.04475975640639554
64	41	7	1.4267256536092972	0.060615590720925705
1	22	3	3.2159715486307334	0.19849457081674568
51	11	6	2.607534246644299	0.1174158241831786
75	28	8	4.601422222018051	-0.12875376293168453
74	49	4	1.0	-0.05471240076380108
13	18	3	3.246220378869782	0.0680563016113798
71	1	2	5.0	0.01774029320306641
24	74	2	4.354287838628237	-0.10121095631219099
29	33	9	5.0	-0.19786708558865934
44	17	9	3.3327615454316493	-0.013874003729937384
37	51	3	1.7088990803316597	-0.18378890295446582
12	97	2	2.1425336647763884	-0.07366376519647526
85	94	9	5.0	-0.05623116119548139
59	77	6	5.0	0.11756201083687956
31	0	5	1.5557226792124368	-0.042802257561575574
78	7	7	3.9418876414893766	-0.025783241530335205
53	66	9	5.0	0.1169643215866945
47	90	4	2.622974674906165	0.10058573164278763
2	98	0	5.0	0.5002215086972867
69	97	2	5.0	0.2261979325769024
55	40	7	3.8911483202962125	0.09809750403558555
46	87	2	4.580948117511541	0.04216536956103015
74	50	7	5.0	-0.14752578026819674
66	43	9	5.0	-0.250856097955249
8	93	3	4.40377207939051	0.014977797062738996
86	73	3	3.489464872093728	-0.04340959835375978
82	21	5	1.781510895342692	0.14695952982231145
39	67	9	3.330187871799014	0.03053014176367791
52	51	3	1.8355423461631566	0.08822109842089279
3	86	3	3.2971104501161275	-0.02920408747114664
23	63	6	4.019648717814077	0.057022797957292204
36	33	9	1.4024298948694764	0.007435637377584181
73	59	1	1.914818348759932	0.028921221593612892
5	6	4	5.0	0.0706835613515748
12	97	2	2.644440726118149	-0.03427316989254314
48	58	0	1.3778030016935274	0.51641381715645
10	36	6	5.0	0.28429191469217935
37	29	8	2.8575471670404884	0.17190472229177758
16	9	6	2.1183552083309936	0.1183766389281828
83	94	9	4.572451318585269	0.3237240105175878
41	31	7	3.186017624533597	0.33288732681038835
49	88	0	5.0	0.5921522416977305
38	31	7	3.12735344872649	0.42138461685310286
55	12	9	1.4753575257388516	0.1071097461721765
1	42	1	1.841376254087763	-0.08014093956941179
51	83	6	1.6223383104964955	-0.025894580591698215
5	86	3	5.0	-0.03696022493110994
36	81	5	2.131722458624548	-0.19626140953136065
3	75	6	4.50522378045157	-0.10911015356201542
44	51	3	3.752572142465076	-0.03777488206770097
89	2	4	1.7849754661083712	-0.028671994131312398
6	29	8	3.6204108598404225	-0.09384665047371182
47	58	0	5.0	0.3763734414423442
32	69	8	5.0	0.20019097290808374
12	98	0	1.19688330645864	0.6890554442319409
94	23	4	3.2860974135277257	0.43502818186019987
95	23	4	5.0	0.2634687623697256
9	10	9	2.063628513881202	0.20265981796305915
72	79	6	3.110130945456855	0.27064268292963406
60	35	3	2.8323994161330908	0.26717195897139556
25	44	9	3.34157833051514	0.1229340244957672
40	88	0	1.0819867583243425	0.6180167598324221
29	80	5	2.751747538220989	0.2906723791396574
50	59	1	3.389127220196882	0.06949754048042356
79	53	2	2.89930705614244	-0.0449018326791918
32	35	3	3.5611344141269816	-0.13471367638530937
5	16	0	1.1616687355453257	0.5403863005683381
38	46	5	3.082661017200257	0.1384979654217353
46	51	3	4.093048265160048	0.08739670837517093
36	80	5	2.13882094318644	0.07591521622632202
18	17	9	5.0	-0.0018184629262052165
68	59	1	1.6030536727665523	-0.1354103832210657
43	3	3	4.348888196018787	-0.17514092712261536
15	54	0	2.1803916390370683	0.451915251634165
93	8	5	5.0	0.19243419851007326
13	61	0	4.441763924821327	0.5149965426604259
73	95	1	1.872278889819528	0.3913294871963532
66	18	3	2.8677321152639474	0.2951063052213656
50	49	4	2.6353423062691554	0.21063818158318504
94	88	0	1.9134601108701754	0.7482570735308236
82	28	8	4.170619742159246	0.44100541044688285
21	83	6	3.9969936678203153	0.19924349590184398
60	59	1	1.8905315632362167	0.07315913769903373
29	66	9	4.801551930385957	0.06456748639778304
41	28	8	2.148823855824045	-0.07254102243361875
71	28	8	3.462411674909146	0.046092251992616455
58	85	9	1.76117957123359	-0.09320274887835067
44	31	7	4.466015410795343	0.0369423146801966
62	49	4	1.0	0.0037085981096584945
33	47	1	3.658029823875178	-0.18798996588971736
67	1	2	4.976799408667319	-0.1393542261314788
74	25	1	4.2905450522332815	-0.04432164970149906
45	18	3	1.0	0.05309858392613174
6	89	1	1.9653000090892876	0.06736422552678163
26	90	4	5.0	-0.2729782003616634
78	19	5	3.0903631373580804	-0.15574969233152897
95	5	5	2.815332658477526	0.04800659988519415
92	22	3	2.833963736009253	0.08876548446953816
39	67	9	4.064822213730188	0.054862648271683453
96	88	0	2.656245389248471	0.4556293808238045
60	33	9	2.7515497299805456	0.21929178779985156
4	34	8	1.0	0.1744509888383599
59	32	2	1.0	0.06580093625187423
20	51	3	5.0	-0.09682780043216915
5	18	3	5.0	-0.0770293954499485
95	77	6	1.0748574364968875	-0.034086951072008397
42	59	1	4.057183606208968	0.0685891302620122
62	73	3	5.0	0.13161408942248293
67	3	3	5.0	0.08074595006661894
82	70	8	4.593418121009201	-0.10667094430074023
49	44	9	5.0	-0.2844691342684814
93	54	0	4.07179383522698	0.3930189997359947
68	84	8	4.925589662484977	0.17915537361201372
4	23	4	1.0	0.08958526932470644
6	11	6	1.708399938708362	0.04564392833682409
9	48	4	3.4726169564248286	0.14942115139416035
28	80	5	3.7493458590412945	0.12983848004734877
15	61	0	3.905011524269793	0.558476988015998
76	83	6	4.74380245763128	0.37064153765637137
87	13	5	1.0	0.11408778528770581
40	9	6	4.254970596227241	0.28618490904043403
59	53	2	2.4346224182358185	0.10574064154734411
7	78	1	1.7276298689842808	-0.03263500637264517
83	97	2	2.9105804923077647	-0.04517804800922287
98	50	7	4.539513691890719	-0.015610214336937149
5	66	9	4.880640837165068	0.037817947272815844
69	23	4	4.2912885842097115	-0.0399050947459517
14	35	3	5.0	0.09439716221007904
23	89	1	1.4835000579594786	0.018619406903316364
94	68	8	5.0	-0.09862356213166534
48	85	9	5.0	-0.15596214573435963
18	16	0	1.5824689952967015	0.3028462926228662
19	0	5	1.322979726222216	0.19783934977295647
90	58	0	3.7443169374536276	0.6366399917879856
95	3	3	1.0	0.43046218340015535
42	62	2	2.5316631876672293	0.2015950706947111
38	46	5	4.263099094475205	0.12768378654871396
28	29	8	4.48800260707827	0.15406091345945855
39	91	0	4.879529674582447	0.5428938858128113
97	78	1	1.0	0.20961391125548207
64	61	0	2.2415971528368086	0.6045917328557903
82	37	4	5.0	0.1939356657362629
81	82	8	2.819899633974474	0.012086891808247915
43	18	3	3.65959655966856	0.04520344265705196
40	46	5	1.667650191428013	0.05385691317227498
40	12	9	2.352961689126688	0.1239299599610711
10	49	4	4.531859954179528	0.07169335147810472
95	53	2	3.5578233969229762	0.11016495679914759
1	84	8	1.0	0.10694575167511544
68	52	2	4.203096726316589	0.13542282291710805
60	19	5	1.3070938230858948	0.14970690087742167
64	86	3	3.396948911067975	0.10134509133138628
19	99	1	1.5602250046363375	-0.08193806595477117
90	3	3	1.7257403112159422	-0.09001726292016904
71	48	4	4.279484153678641	-0.05642596969609808
44	60	0	2.976389686540286	0.40635661783487464
53	59	1	2.138276560811583	0.2469731415881723
88	7	7	5.0	-0.17593179294729927
26	37	4	5.0	0.02794855708311436
65	92	1	1.681814392687795	0.1131548551486297
22	97	2	4.618196706711248	0.28402182860912706
51	87	2	5.0	0.12779525475363415
43	11	6	1.5188732763610069	0.023133290528244074
87	94	9	4.7754013063292415	-0.007182816850079692
12	70	8	4.328167133872779	-0.15888474568958483
59	74	2	1.0	0.018367784449617106
37	45	3	3.1626069344111243	0.08496359653569877
15	86	3	2.264773105647438	0.04655749746402064
86	63	6	4.51983852465613	0.14995031530699354
65	5	5	1.0	0.03509173123830239
54	33	9	3.548916070990456	-0.048761791067214094
14	81	5	2.8745856656068023	-0.062422019107949575
30	34	8	1.8601038192341564	-0.13060852200106304
42	65	6	5.0	0.020876869285003832
33	28	8	1.0	0.012460870146665404
7	92	1	1.8082806602550217	0.10897811932162586
1	53	2	1.2914903320399023	0.13567660776100463
79	94	9	2.963957660979474	-0.03706804278242362
49	85	9	5.0	-0.028576074214371066
46	2	4	3.3103993228730717	-0.09855588355867113
84	95	1	2.0485950540169786	-0.0680010162575866
96	18	3	4.336305092462171	-0.12850271362498777
94	3	3	4.423161127597026	0.2161682181677076
24	42	1	2.5083718489867923	0.1865750363108134
48	2	4	1.0	-0.03297640002058255
27	50	7	2.7199709161054066	-0.03284524707400249
81	58	0	1.7791489131088212	0.521140164645947
57	68	8	4.393648340720757	0.4555700693273179
99	33	9	2.7142202700363915	0.2990627129554914
25	5	5	5.0	0.16807822111822665
74	61	0	4.600284033564376	0.43019898045000693
53	80	5	3.2896502996592307	0.23079978892675904
89	25	1	1.0	0.12668392538922016
54	79	6	2.673579769261719	0.17200653094359786
90	9	6	5.0	0.12103625244866402
63	55	5	1.392032310577631	0.07613930576925557
11	44	9	3.2917641354559586	0.08630892545774345
35	7	7	2.020676969515296	0.14352687703333225
58	60	0	2.1641018602672975	0.5344440571468199
43	11	6	1.0	0.305200587950404
5	45	3	5.0	0.1129553037462456
10	41	7	1.805140712653618	-0.038627957056493495
72	85	9	1.0	0.01062382368380279
6	91	0	5.0	0.6233042853825702
40	27	6	4.5418282347804695	0.26554736207536844
1	71	4	2.995337889793784	-0.12983743818118898
79	36	6	2.0063781143256496	0.0945207390528239
17	54	0	3.8554210747217725	0.6059525329737716
18	90	4	4.029959006825643	0.11344550760659586
85	78	1	5.0	-0.020128206919286823
66	70	8	1.6915816713426581	-0.07442790849596154
50	19	5	4.265286231838954	-0.139667902230092
31	41	7	1.8442858274791538	-0.06975021286711787
49	99	1	1.74060502547389	-0.0018577138829721923
43	53	2	5.0	0.1020360044995755
80	48	4	3.9565111385292546	0.0033134775875097305
16	7	7	5.0	0.22136661571777808
33	17	9	5.0	0.06785738632127467
53	71	4	4.57392174644278	0.052308014416866076
40	47	1	3.2384348659730477	0.148253501800458
9	75	6	2.8994370508752905	0.0021467667144167563
84	92	1	2.6074044042985154	0.12474312137256097
74	70	8	2.518585808480335	0.0872339406446495
76	54	0	2.2296592194162357	0.5955026041600734
86	17	9	4.336471166712521	0.36084866194758297
36	59	1	1.6898431619127299	0.29041456988508907
16	68	8	1.6556772912883575	0.12234365831978679
21	72	1	4.332030683968948	0.16868533164343955
37	78	1	2.893573674514775	0.17849193696172266
90	16	0	3.660602350922015	0.5628653241808782
39	32	2	5.0	0.3157224016203108
78	39	8	3.3136143607214676	0.21826360374598142
50	58	0	4.764537047577464	0.417137380137124
53	70	8	5.0	0.1127372882239553
45	19	5	3.423627516538026	0.010728291436743316
63	64	6	1.4656388225170578	0.048910448387230784
67	5	5	3.266365909189121	0.11711524826697395
22	4	0	2.8248705126255405	0.5909183827614046
69	76	2	4.041843042106881	0.4168171809496521
87	24	3	1.403641872032506	0.08205342545778749
12	66	9	2.843021483930768	0.031246295855599973
49	34	8	3.8916860583456474	0.2206705624368667
11	90	4	4.533267474900534	0.08195266716733421
40	96	6	2.7777092440859157	0.008506729924875667
10	78	1	3.584394542145283	0.02296029959634179
70	45	3	4.438675266491796	-0.12357282840172788
85	12	9	5.0	-0.1657492288467663
7	39	8	1.0	-0.14990556811278888
95	62	2	3.9547499025349477	-0.058727689957100905
84	82	8	4.634965915514774	-0.0389593084112789
14	45	3	5.0	0.04038532996345838
40	18	3	1.7026224789124473	0.04182726456763148
19	98	0	2.93385664118932	0.5763017663430935
32	61	0	5.0	0.8068678751385528
41	41	7	4.471194221519737	0.35650162539297414
62	30	0	2.5771019243546545	0.6497121602246297
25	94	9	2.021741129994088	0.2601651078070669
12	6	4	2.0413035839793956	0.26997489541099634
26	84	8	3.5107813386431443	0.274708140890175
90	0	5	1.8889260207977894	0.2618170246398102
6	44	9	1.0	0.10501284156575874
75	78	1	5.0	-0.07659041312729473
15	48	4	3.658548750709091	-0.0874778687856949
55	97	2	4.697635110078905	-0.13198843312261407
59	54	0	1.0	0.4764917467787573
62	79	6	3.983077866238041	0.07533015703090487
58	79	6	4.2281085944826895	0.05060092474934885
16	44	9	5.0	-0.23740889845028373
51	17	9	5.0	-0.09143694086365578
97	34	8	3.264827924941312	0.05543099581263074
70	96	6	2.1883979007039	-0.2665127184466958
88	69	8	5.0	-0.1464416374418462
49	94	9	5.0	-0.012651621439354374
69	81	5	3.5195365503983056	-0.09449738951620615
37	25	1	1.0	-0.11346055754908106
90	83	6	3.5063982279782526	0.12087871375013876
8	70	8	2.903480842503626	0.16032257119091312
5	14	6	2.228692448356045	-0.027678008568514184
73	32	2	3.1924418349674837	-0.025302398058005847
6	81	5	2.2550437548905937	-0.19073048359507994
25	46	5	5.0	0.018715368453113057
54	28	8	1.0	0.004780966937341459
10	14	6	4.568357607567897	0.16343021530697013
98	43	9	4.906931476728785	0.03857653087592204
7	11	6	2.18828391056539	0.038616719347753764
88	70	8	5.0	0.027694316044160436
48	86	3	2.02731313544779	-0.01125004609738017
64	13	5	5.0	0.09937707350487968
4	44	9	4.952769015324654	0.11345013704515518
44	86	3	4.1651638205025385	0.04079512016194731
85	22	3	1.528261349519038	0.05055501485288158
93	95	1	3.2209008826524763	0.09216482594168807
53	77	6	5.0	-0.015080828818507586
55	90	4	1.1276901034437343	-0.008829276665687856
58	45	3	1.0	-0.1455313051856164
71	83	6	4.742575744430008	-0.20391276178412235
33	96	6	2.8160434998137744	-0.05673852411009739
38	58	0	1.0	0.5257647465839367
56	51	3	2.98183425732618	0.30369867941820466
69	17	9	1.0	0.148988067928041
27	71	4	2.7343314543084745	0.1005169225594377
18	69	8	1.9091258248958365	0.12287069558183544
2	39	8	5.0	-0.0015336664039147657
8	49	4	2.5767174270745437	-0.18176698747022646
57	32	2	4.902874888028637	-0.1799100002026569
88	65	6	2.836246844134438	-0.20672386203904178
16	78	1	1.8283927060523681	-0.08950042848972926
48	67	9	5.0	-0.14654260626440083
45	44	9	4.500394679211932	-0.3051472844092613
8	22	3	5.0	-0.2181952030566734
98	96	6	1.1235888669055112	0.07116432346589285
61	14	6	4.765812614234597	0.10344219368934977
96	43	9	5.0	0.14957156499443958
85	56	3	1.5251251936697967	0.1312207584006424
73	78	1	2.162909287099797	-0.09162809429950516
50	75	6	1.0	-0.06204558615127552
10	72	1	4.818651094130722	-0.11269960380182026
76	68	8	1.5658478306644312	0.027894646885745916
20	85	9	3.4031258784095235	0.005855705570224232
21	0	5	1.8009666971288572	0.16918580784973974
89	15	7	1.7799660621655191	0.18452772930696432
99	65	6	5.0	0.0327419906991496
29	95	1	3.470570043141679	0.0660854671387193
31	4	0	2.6890312851510476	0.6230420153482229
32	75	6	3.1052637449002907	0.3020630777765776
62	97	2	3.7998045152141766	0.16633784625577613
76	13	5	2.381247459891205	0.12097276969234239
51	27	6	1.1947260099191883	-0.09826534688384322
52	49	4	5.0	0.2813222692451355
35	22	3	2.2533745734893427	0.13205981979891163
36	94	9	1.0	-0.09789427619305821
78	55	5	1.8860158889872236	0.03852948345708525
23	74	2	1.8042024455546675	-0.06877764564280356
31	77	6	5.0	-0.260198079801042
93	86	3	1.65465214696155	-0.29936822492746396
17	60	0	3.9542403502095773	0.18257244605573575
40	60	0	1.6968648441482366	0.646210620045826
45	98	0	5.0	0.8240651658764403
26	78	1	4.186478946573169	0.4136817950756804
74	93	3	2.7004383426285257	0.2846139116409879
82	54	0	5.0	0.5950813132649567
72	89	1	3.1266483512005956	0.25768503666642617
65	45	3	1.3319017006979403	0.04324971774137196
6	65	6	2.594298843088867	0.07970676599276423
33	75	6	3.6609852058747645	0.07510207029687664
54	79	6	4.588682744677167	0.19500804364904833
63	41	7	4.758237301219235	0.1601850103199134
13	52	2	4.090329178063682	-0.038156553994131606
41	68	8	1.077360104760325	0.1617532564389497
55	59	1	1.2394893302674659	-0.03303257338216997
73	90	4	3.9354812031518382	-0.1407736413696029
42	24	3	3.261506478972343	-0.32375845809319265
10	25	1	5.0	-0.10950474826802506
70	49	4	1.0	-0.1458848858153174
23	49	4	5.0	-0.13515416089792384
94	53	2	3.598614765603444	-0.07909462591706194
7	74	2	5.0	-0.055056035503616915
65	59	1	3.2850382456222693	-0.15645234582044476
84	5	5	1.0	-0.11245829077333272
59	57	9	1.0	-0.2323313402174612
97	18	3	1.762079999621866	-0.09778525135309253
50	42	1	4.174512886268601	-0.08942249424666383
30	24	3	3.0204573954501033	-0.04892733564943804
78	30	0	4.083539245334773	0.5967363661192104
11	83	6	5.0	0.4814590355202215
17	69	8	4.160278230937073	0.15954668668583272
40	74	2	4.816752146659184	0.018489733711477482
67	4	0	1.2140404430513758	0.506487470747846
53	43	9	4.707770855857623	0.38755358557873165
78	99	1	2.633202330193784	0.0830912232609949
85	30	0	1.553565128306237	0.5573986941660154
52	51	3	1.6428390774474948	0.3290790029466285
75	62	2	5.0	0.13796791940345235
28	89	1	1.0	0.2427804368811602
60	15	7	5.0	0.21504439358040295
72	97	2	2.7396809521135017	0.14346529577709485
93	52	2	5.0	0.15641745492697262
89	97	2	5.0	0.08675547668836402
99	81	5	1.0	0.08253384728046978
34	75	6	3.208786309465843	0.12197826287343692
2	13	5	5.0	-0.010124494182163872
86	93	3	1.1467158843973726	0.009835607963052655
46	2	4	3.2407062163825597	-0.15505183739694414
65	8	5	2.697374649727672	-0.24421799624171703
92	6	4	3.6509084059014154	-0.15989033054690482
91	60	0	1.0	0.3065662789532679
15	74	2	2.937736685534955	0.23392153646549513
3	87	2	5.0	0.21213904189017949
1	85	9	1.0	-0.015939165359371774
72	50	7	4.974579642646942	0.07771759640459222
29	26	4	3.260359302987437	0.11774197226950717
81	16	0	4.265392674019453	0.4349376654315252
54	93	3	4.786794983332293	0.22163836027172992
96	5	5	3.5893358271309412	0.010910547977705284
82	51	3	2.523710669960451	-0.01785699023121922
61	82	8	4.4700696261680015	-0.14776150008704614
63	39	8	4.44915917864348	-0.1393097413133267
39	6	4	1.0	0.04035680783741463
25	13	5	5.0	0.039318115132294024
13	48	4	2.7460630302219897	0.04227548999727132
60	3	3	2.6685518936553505	0.24080174238862212
95	28	8	5.0	-0.03597562974457083
7	70	8	2.60639172844787	-0.15126896476888557
4	4	0	1.0	0.46748449449211593
85	15	7	5.0	0.47065199855354733
75	1	2	3.3016059647376386	0.2475130355615064
4	20	3	4.822252912904099	0.13242275397489636
56	58	0	1.4759018602238592	0.5068292112137217
45	92	1	3.6546767818257133	0.14376940255783593
28	46	5	5.0	0.3151670808840181
5	72	1	2.5519152965402476	0.16236372786741968
22	95	1	4.7162770360339845	-0.023232639424471402
71	39	8	1.6684286240040933	-0.005697436856713921
19	31	7	1.3843144736140403	0.0371326997516106
92	39	8	3.409222178931541	0.08905406984410037
60	2	4	1.9070726778450957	-0.17334749261289245
31	1	2	5.0	-0.10629860903924951
15	41	7	1.9285571340781753	0.126859749300838
91	52	2	3.7045564823152404	0.2553359612654858
35	77	6	1.470997184839472	-0.03472625533959309
58	30	0	1.5688277214276316	0.4467375611869337
67	84	8	4.49551356017564	0.16696537110255016
53	14	6	4.831057477894701	0.18865358596725634
84	94	9	1.0	0.20958345864538347
6	97	2	4.676753224477711	0.15177908707879573
99	35	3	1.6629002047382293	0.12283983930546152
84	41	7	2.3165416646150803	0.09609634557022287
41	21	5	1.721789328423914	0.22922838624085112
16	74	2	1.0	0.17418744150370757
97	87	2	3.0443199392126945	0.04339451638630857
93	15	7	2.12043872808793	0.08102218007852764
14	11	6	3.821885050337355	0.15250898931525217
60	5	5	1.987918152908916	-0.002239756653098765
64	50	7	2.902917024770924	-0.1304992203957695
74	39	8	3.3692713388890865	-0.14891898935416537
57	58	0	4.758213431448147	0.14374817863043093
77	29	8	5.0	0.07550549813172373
36	9	6	3.929538926795793	0.12611945538723643
48	79	6	3.4424128082584353	0.13417757217661666
59	10	9	1.074651554206454	0.13678452302096922
54	74	2	2.0663539539647804	0.042911281527319205
91	24	3	2.4890224960844334	-0.05005322914729006
50	33	9	4.365020009465484	0.051856394962485904
80	34	8	2.6432264766980182	-0.04563916457827866
27	96	6	4.113258427450052	0.07766665697723253
17	30	0	4.277843457900466	0.5271928441005718
21	95	1	3.144509287395893	0.3544370843646287
18	40	7	4.327177860218306	0.23952518892392277
94	98	0	1.0481055250334075	0.6430658994473735
48	51	3	1.881441190272069	0.4769832192282647
25	13	5	5.0	0.16640719943645776
16	10	9	5.0	0.20554378408959428
9	52	2	2.2917455552065733	0.16119444834385982
76	23	4	3.1658683978094544	-0.036821860541367615
85	5	5	2.500167720888864	-0.0018785029542364648
70	41	7	3.7001663526661837	-0.0995362944218449
91	87	2	2.95441162190148	-0.18832024013917795
67	25	1	3.892411654758769	-0.05432561716519699
3	33	9	4.920377447728309	-0.18359739099812594
36	58	0	4.630653576588718	0.37530696566212374
74	56	3	1.1546576216933668	0.14715565735893468
73	81	5	1.0213817341806977	0.0015055696908629485
46	99	1	2.281296987667519	-0.027144679588264473
84	46	5	2.5584812298788857	0.041123434896012494
56	76	2	2.304027464242634	0.06808886485725298
81	56	3	1.760673886748961	0.12415119231787702
10	61	0	1.1190953767297966	0.634881972571132
30	68	8	2.6989732115982523	0.36256529803608994
98	20	3	3.8035002749219537	0.25523102885568727
11	8	5	1.7016198517504881	-0.02721281617243096
38	81	5	4.097914395729682	-0.11509049926638291
54	94	9	3.690243620449559	-0.13151856265361758
94	88	0	1.0	0.26540465856040835
47	57	9	5.0	0.22096561779464172
96	23	4	3.6554374287431903	0.0025694401739866646
57	76	2	4.1698612286724615	-0.06518918394156883
91	15	7	2.5859985321597847	-0.11935361756159396
19	59	1	1.9747822865413853	-0.1333012073653324
55	60	0	1.7275992497642745	0.37896987569394325
36	22	3	2.3728263810805355	0.2731015164393643
75	18	3	1.986458475415243	0.07332258957010297
64	52	2	2.1037860242779396	0.2281899938712159
35	61	0	4.997911569583126	0.5491590530078608
82	39	8	3.738179861160682	0.33302207595207456
32	81	5	2.298580032774603	0.24179004857625683
38	5	5	5.0	0.10486555804506
94	37	4	4.359009157362055	0.19879973111008795
1	35	3	2.881049179084212	0.30553631426522226
96	24	3	4.218801432880451	0.16270710654188775
6	54	0	5.0	0.4279854050105416
78	16	0	5.0	0.6805908059077711
2	34	8	2.15242499805461	0.3969786022456021
58	90	4	5.0	0.36149986102195075
80	53	2	1.2988862292422936	0.06672499252318205
88	13	5	1.5109390989787825	-0.0005432373488631972
31	83	6	4.497392332461925	-0.0819297148936923
52	23	4	5.0	0.011656258400479125
99	96	6	5.0	0.019392756298581837
49	39	8	3.883426777041099	-0.05132626035454483
76	49	4	4.110361573289293	0.09742950095556574
24	31	7	5.0	0.16372310283953517
44	15	7	5.0	0.007338533486018775
68	79	6	2.260707765295404	-0.21871814652828336
50	49	4	3.2678410287969273	-0.011405135496279153
39	92	1	1.0	0.13478320448487668
45	32	2	1.0904699072519741	0.04836591272615019
0	14	6	1.0	0.21183088872929937
37	21	5	1.0	-0.12674266171846937
31	4	0	2.7256973419059207	0.6359093759409402
40	14	6	4.345736912018548	0.2612407144007011
49	68	8	2.867239374492508	0.15271324664794306
25	27	6	5.0	0.05560847840820386
65	88	0	1.0	0.36367857808090776
54	52	2	2.0053236526466094	0.15623037109848853
79	9	6	2.6741575853379005	-0.021501324320305076
15	47	1	4.851277716104301	-0.02120253979272768
64	66	9	5.0	-0.027155894278110035
5	6	4	5.0	-0.11181058154780915
77	94	9	5.0	-0.2132394187487809
35	75	6	1.5681451082775943	-0.24479486857936478
89	3	3	2.749651087341343	0.02581022673986716
71	78	1	3.526966840202581	-0.031941431476806476
55	65	6	4.885433904855823	-0.052872071927094935
19	17	9	2.041199185391315	-0.19087116092411416
14	65	6	5.0	0.028320641899436616
10	11	6	5.0	0.0886604530083727
53	44	9	5.0	-0.14848370327783222
52	68	8	4.149111104694859	0.14649971781769316
56	81	5	1.0	0.09331480413969964
28	1	2	2.610952524581226	-0.042818668917719044
27	93	3	1.0	-0.10285082814308422
61	1	2	2.7839162666396726	-0.08714892821099904
14	89	1	3.3579908829785907	0.0009904640877277243
26	18	3	1.5493970918798068	0.1680718250983843
73	24	3	2.5611418814105655	-0.04628502501634196
36	73	3	5.0	0.027142684179605955
95	65	6	1.0	0.01964820660606695
38	44	9	2.0568657978706177	0.04221838532870436
6	12	9	3.4708532503457623	0.06474703749083562
35	54	0	4.183991006821518	0.6124748359468368
78	22	3	1.133525024517263	0.39787344073061
40	1	2	4.982490827762769	0.07659312738643476
79	84	8	1.9727035646467797	-0.13283157714236438
97	24	3	1.6073208111984718	-0.20790980927692496
68	76	2	3.7521322074358583	-0.31048489902527887
99	82	8	5.0	-0.008347426536471053
35	72	1	1.9541337268619952	-0.1591216688284443
48	97	2	2.8650591610703233	0.09074308711202264
84	54	0	4.328573765155842	0.5711878522530867
60	17	9	2.206757871765687	0.2768557768142868
27	83	6	5.0	-0.06604345723844843
54	69	8	1.0	-0.04086931512690682
53	99	1	1.0	0.024645346832878744
74	66	9	1.4316262548625494	0.11903539069987688
85	38	0	1.0	0.6201254376693033
32	62	2	1.003320079147245	0.22831747031805527
63	47	1	4.08084728360567	0.18088746262916588
23	0	5	2.346667593469977	0.19691212238353023
96	4	0	3.8862842035886285	0.5815401214872
36	58	0	5.0	0.6070516283601949
40	48	4	1.0	0.061445295860667576
55	74	2	4.390973593976596	0.012347118123896456
20	58	0	1.348805979379177	0.7154505058387703
42	20	3	3.9511653144832204	0.3168592202710391
8	55	5	3.6934868033420285	0.20768987873761752
24	63	6	5.0	-0.06178454605165723
33	75	6	3.1790822173685145	0.007042065257284007
59	20	3	1.2994341413116686	-0.07321936640045261
65	8	5	1.0	-0.12247306154438456
1	60	0	1.0	0.38966819159540106
49	71	4	1.0	0.2232419498799383
28	77	6	1.0	0.2191988547937861
68	54	0	5.0	0.49428391214537454
27	4	0	2.6997569102172263	0.7897528943374275
98	55	5	3.9443307127260008	0.41928526100331953
60	77	6	1.4143893360508537	0.26770072984140925
82	82	8	4.102712986516175	0.15539755741793645
38	98	0	2.4122926914948257	0.5920803035470656
39	82	8	5.0	0.27105664746930114
34	8	5	1.114315465311252	-0.08423639725542337
84	98	0	4.205970944187378	0.3621580727854944
42	19	5	1.0	0.14798911493642572
61	80	5	5.0	0.14901851763234897
78	95	1	3.047996051921064	0.09935634684224652
3	12	9	4.973759881465625	-0.02819423996112861
84	35	3	1.0	0.20858312702734866
41	94	9	3.643468787282683	0.11712761243446099
8	23	4	2.1811917339595928	0.0509084391653062
45	14	6	3.2658944304028275	0.10570224888637514
82	65	6	5.0	-0.04074166843699911
14	9	6	5.0	-0.019496463335665314
67	0	5	3.2363891836814735	0.036633547523006654
12	68	8	4.400027836651756	-0.1470479821113379
27	29	8	4.791363909121955	-0.08283047947474391
94	61	0	1.0670182539160131	0.3010025319508531
55	19	5	3.1579966593970576	-0.003845692373536047
57	5	5	5.0	0.02629457767145256
68	26	4	3.696625115476048	0.04460381528030717
9	75	6	3.0894749878578964	0.11774099980174127
11	95	1	4.008632734826048	-0.039410685627393735
17	38	0	3.8175149876609114	0.5104329180746533
70	35	3	4.594469262837819	0.20390991773820727
50	41	7	3.482983046679679	0.13624028677248187
40	41	7	5.0	0.09579516474147062
49	36	6	2.528504796100389	-0.05221152798411284
6	78	1	1.0	-0.16411426473185592
83	40	7	1.0	0.20011397969286068
24	4	0	1.0	0.513524908511729
99	8	5	1.0	0.335922530844381
28	51	3	4.629208811259136	0.412685024155752
41	5	5	2.829453110078645	0.28285117950955396
19	94	9	1.6753585096495403	0.08356241929584088
62	79	6	2.820276370426469	0.023578622249161765
69	24	3	3.1797435018306754	0.1272326929940088
98	71	4	3.5024459560364334	-0.05883475126025105
49	44	9	5.0	-0.15521727813896197
71	57	9	2.8204517688637716	-0.018962016954820617
54	54	0	2.2941853729134225	0.5265837201809197
50	91	0	5.0	0.6582484636104614
89	35	3	1.8584078160232167	0.23766939716978783
59	21	5	5.0	0.1920581489841058
76	64	6	4.201535066110451	0.04476789745276052
95	98	0	1.282049859529856	0.47893576024634393
31	60	0	3.5553903695914952	0.705059921530985
46	65	6	1.38104739863906	0.2860275640140748
17	15	7	3.992732780256384	0.1182959580365556
14	62	2	1.0	-0.11112702385673738
44	30	0	3.273423311422677	0.49791003181895166
91	20	3	2.714195939699732	0.1777063499861959
58	64	6	3.8214059972304026	0.26071521932627795
82	27	6	5.0	0.04097450608207043
0	24	3	4.398238393816581	0.194356969141871
87	12	9	4.34422897610212	0.14520512570311986
5	5	5	5.0	0.19022750513227543
55	70	8	3.32110371726358	0.34979570009240213
67	49	4	2.0078224344785482	0.10608812282524241
1	85	9	1.6303696493922992	0.2460149559694053
33	44	9	5.0	0.1711735703582129
16	8	5	2.0393314573657753	0.03289778918814302
37	7	7	4.884373352257143	0.057688938606084206
24	95	1	1.2565341283865947	0.0569391682742721
76	54	0	4.030683508786242	0.5601104976018504
35	80	5	2.3514750635687145	0.32214875036895024
50	40	7	3.242647158813087	0.17845889338762982
75	90	4	2.752952136093107	0.149919589825818
83	71	4	5.0	0.04414552453769206
92	51	3	1.977410685087944	0.13091350005834396
79	2	4	5.0	0.10807197407455499
10	62	2	5.0	-0.09262377695956545
56	40	7	5.0	-0.10755399144396562
39	93	3	1.0	0.032202056731183586
18	19	5	5.0	-0.056283981620862886
46	23	4	2.77806117712909	0.13882899903670834
36	23	4	5.0	0.011084003918588624
84	79	6	2.4694010132788007	-0.09722588115149401
25	58	0	1.0	0.626106004769284
68	11	6	2.549304643343622	0.2911810093591098
57	59	1	5.0	0.04626318003952809
65	6	4	2.5061192869422193	0.02023363019909442
74	8	5	1.8327545244216057	0.09884619985662449
69	35	3	3.3564150169840965	-0.07430997010334173
55	6	4	1.0	-0.08908785579806217
52	14	6	3.096210762399574	-0.03741241109859849
53	29	8	5.0	-0.07450563413589271
71	96	6	4.729870896121339	-0.11053994645679982
33	83	6	2.6360615144560104	0.08022396819186267
65	32	2	4.5474880898425205	0.028794018580248056
75	44	9	2.5686952624677737	-0.010324123132276469
54	56	3	5.0	-0.020246988350503155
44	58	0	3.900300027169478	0.535195511210356
61	77	6	1.3944274830735262	0.2992699194002733
80	87	2	1.3844833937119922	0.012152415191256316
86	65	6	3.476399429732879	-0.17150791942722513
67	56	3	3.942522573208911	-0.07704597321239748
70	49	4	1.7076741804105169	-0.005607667992293987
68	12	9	3.887108710591987	-0.0888381724380349
25	40	7	4.814601859438955	-0.009400491339771111
41	1	2	1.1449230676061752	-0.09075815576934823
22	80	5	4.551803822145896	-0.09847526264329651
78	75	6	3.2815318630608994	0.09017898031555123
0	59	1	4.532975074582148	0.10751628873545223
89	99	1	2.520328557313392	-0.06311705535819759
20	24	3	5.0	-0.15475755787008666
45	6	4	5.0	-0.036424440750316485
46	14	6	1.0	-0.033868320677908285
22	86	3	4.533711873585373	0.060131466690374585
36	35	3	5.0	-0.0010677306142566553
2	19	5	4.004053029746834	0.011145150443847477
96	11	6	5.0	-0.03988255664378836
77	72	1	4.101152744827366	0.11873121256301616
13	56	3	1.9379114260822994	-0.015352137344986541
28	61	0	1.7289057344038568	0.5972565462664269
18	97	2	1.0	0.376163582113904
54	22	3	5.0	0.26686063620617895
16	93	3	4.218860969756585	0.12171966880031047
1	49	4	1.7663639460126155	0.19618510742956236
70	95	1	3.1543796508451294	-0.05294746836105843
44	60	0	3.2525955171915277	0.3740438201044323
47	23	4	2.2611426488746647	0.35802574959708977
86	20	3	1.6072882713312446	0.23136340162323019
9	50	7	4.79354806288312	0.288262017612915
75	11	6	2.958726016334698	0.12824777086509415
82	7	7	2.5510227844312503	0.1370750327928168
45	76	2	1.5374634274059025	-0.04546617831459113
59	92	1	1.6409277907072877	0.10125634166033727
84	73	3	1.0	0.23183693221053933
46	9	6	1.0	0.15265480311956056
32	27	6	3.881169245982806	0.13545308770502998
8	91	0	4.747223989308315	0.7246627128203551
40	29	8	1.0	0.2371434669328436
17	5	5	3.627628164509671	0.16965838470756325
18	56	3	3.5652968844679984	0.17991140089872787
24	40	7	5.0	0.10046633996356066
42	5	5	1.3335261316881768	0.11235741390556549
76	88	0	4.585440451599372	0.5300314205630371
12	28	8	4.172170324512536	0.26007105191622865
20	99	1	3.5636964201900305	0.05410094236431218
59	29	8	1.0	0.18889098517050942
0	7	7	1.09422360827037	0.2551252361814472
53	1	2	1.210749029119143	0.29007301165499555
72	79	6	1.1763665173203972	0.16874987700411953
65	43	9	4.24420425960722	-0.03502322753947468
31	79	6	4.918730899973126	0.014572260252330216
92	7	7	3.4017687460203083	0.06926653769822966
1	44	9	1.8927005675921857	-0.07430072264023077
85	98	0	1.5689699206724146	0.38148131616113123
50	91	0	5.0	0.5822452787563349
19	95	1	1.0	0.34043427235246126
66	44	9	4.532251702562815	0.3025265646481283
60	83	6	1.8143697449159717	0.08524846577542795
30	65	6	5.0	0.009847694528446312
74	98	0	4.395840386287385	0.5845150772969354
80	38	0	2.3104927649105838	0.7610985048193655
88	51	3	2.3401763692609516	0.3634685208259762
31	62	2	4.657534900586098	0.14581091010024466
75	31	7	2.168852695638501	0.16577093824040537
35	9	6	2.378577565293313	0.2235103387639379
76	38	0	4.579412493104864	0.7567532544286986
81	63	6	2.636245692378155	0.3805050213174716
64	80	5	5.0	0.1660356679166744
93	77	6	5.0	0.29840200448365806
39	6	4	2.088419256701151	0.09680565854325801
43	2	4	5.0	-0.002448489917288632
95	72	1	2.0827925700107714	-0.06813411965368057
78	13	5	2.6341520480292395	0.17826645450421208
97	82	8	3.9261595463092904	-0.0047395627684215375
32	13	5	1.765705891727247	0.09576479628520349
37	77	6	1.7355328199671403	0.07610292558941882
86	87	2	2.4668769792322194	0.08581688905016215
62	88	0	1.6541166825991214	0.6443370384937578
45	54	0	5.0	0.8955547192015089
6	92	1	1.0	0.5320575495762948
26	51	3	1.0	0.39257633441581996
16	59	1	1.0	0.2327077593179829
76	0	5	3.5818681781875017	0.10498981589380071
22	61	0	2.9162645455728637	0.5851550949574718
1	38	0	3.1240121935359713	0.7590750231204322
44	96	6	1.0	0.21144938542500016
14	48	4	2.6486599997832387	0.13002416906539346
94	39	8	5.0	-0.05579204387640449
43	99	1	3.692062691297294	-0.10912162638228944
55	57	9	1.2738163530866555	-0.1412647247513248
35	29	8	3.903010303299611	-0.17655407697604086
57	2	4	5.0	-0.09614718925543007
99	59	1	5.0	-0.020755678154352534
60	57	9	2.464642103342966	-0.13257736005724113
99	15	7	2.754444714012648	-0.03914314166170574
80	93	3	1.2180295690582368	-0.18106776534720534
2	78	1	1.8427604973497704	-0.042654141625502684
84	30	0	4.324779961853542	0.49289568728383265
67	53	2	4.939522104103096	0.26544433304974957
17	44	9	4.4575620757109355	0.05420872134963915
74	41	7	4.432672945964038	-0.03880627577779135
41	18	3	3.2435873596754234	0.07761882504450168
98	57	9	5.0	-0.057554947486426214
20	61	0	1.0	0.38581936621225094
90	61	0	3.3511399870232057	0.6753409811061362
57	28	8	4.89493107448833	0.16151829214440488
58	55	5	3.7522961515936744	0.20394728270376675
19	83	6	1.9340720573782977	0.25562547807764957
87	51	3	2.1017671221003793	0.19918639953200135
14	43	9	1.15884860409281	0.1847484842165794
75	63	6	3.057259069834549	0.16674750331656454
69	62	2	3.8398571486948145	0.15046991959684458
45	95	1	4.206355933800248	-0.09265571442753179
54	66	9	4.911856362138899	0.0463026966426409
58	14	6	3.6388434324600882	0.2177150876910113
48	93	3	1.7866894389193475	0.07065521494485372
45	22	3	1.0	0.13895665635449572
98	99	1	2.0785421403126794	-0.07283170172010067
34	85	9	4.925216345226957	-0.16720001181538427
32	9	6	2.788776904233538	-0.10156840856523557
59	33	9	2.761650701713495	-0.027881495341609906
81	2	4	2.1647232437928023	0.03349343705030289
88	88	0	4.328434142333353	0.5250642240482772
79	64	6	2.10550625318436	0.09860521441429682
18	75	6	5.0	0.05402608357789168
13	24	3	1.38998346491712	-0.0854553530479539
10	25	1	3.392891228133294	-0.023702351574968715
35	92	1	3.4091362610090874	0.04308302601287482
89	16	0	4.514834355604432	0.3928241772375893
38	83	6	1.0	0.22423645988350058
24	2	4	3.8705832738816883	0.20908599772016384
12	63	6	3.159052507089123	0.14007503445834896
91	38	0	1.292448438128981	0.7029972476877356
39	97	2	4.550867733970786	0.25344445797462223
67	75	6	3.3290946548805036	0.06333796451801778
50	81	5	4.597580919936566	0.14784239346426178
2	68	8	2.7079703563528508	0.08685608681799808
81	70	8	4.907632399296829	0.05231331655279766
29	6	4	2.6457529597000637	-0.007492074502737377
9	20	3	4.558816531434572	-0.005696432550239615
15	76	2	1.1009527135989194	-0.03772787077667333
6	49	4	4.428742247192037	0.04758139610636496
44	57	9	1.5924637466412108	-0.029954426153500628
57	68	8	5.0	0.003322959872945147
99	17	9	3.967034847575324	-0.022619467089473735
20	13	5	5.0	-0.06463813250582114
92	41	7	4.694355947200399	-0.17416335098286723
45	18	3	1.0	-0.12481301829507846
98	48	4	3.353577383885498	-0.05559619401337268
19	27	6	2.076194381622107	-0.014551219230635608
11	25	1	4.779750995253197	0.005723329312068369
89	59	1	2.0657694969378837	0.11577745210032316
78	45	3	1.0	0.17448461825228503
65	40	7	3.185353598269239	0.18057688450938236
53	45	3	1.9797874392530255	-0.023724796115396685
18	74	2	1.0	0.07808451804236942
62	25	1	2.7425402995530344	-0.00766141179358084
72	3	3	2.609572201328403	-0.12507536798039592
77	41	7	2.302008661132012	-0.05198335712543004
40	34	8	1.9794439786555151	-0.014643153318630158
96	42	1	1.358185923349595	0.17039342993757473
61	83	6	1.818301602593496	0.10457495629380124
20	19	5	4.627618728289816	0.0682301442030972
82	5	5	2.4756747914084225	-0.09049145864121387
13	77	6	2.6351131727919306	-0.1459407707955375
5	18	3	5.0	-0.018813714462536768
4	58	0	1.0	0.3077519859007862
79	37	4	4.860818794353164	0.08627505368679479
60	82	8	2.6659094877477982	-0.045576786551073466
33	0	5	4.655160143993856	0.09365416183008432
37	44	9	1.3183718228258117	0.004806697060848256
1	27	6	1.1847685173319802	-0.12931983500314076
52	26	4	5.0	0.03913570988881537
78	58	0	4.892805008819329	0.3485113395534606
56	97	2	3.1992779790814803	0.24662580187592606
58	41	7	1.7340254558948787	0.10189197849760939
65	42	1	1.8834338047669452	0.05761191059343449
95	56	3	1.0	-0.015190884297124677
32	74	2	1.0	0.011819862253354586
75	2	4	1.435953698151896	0.06407681500146685
19	48	4	1.5273719329128865	0.15832911992500004
66	46	5	2.9274047234967413	0.11020863762681557
88	30	0	5.0	0.47171676283543496
92	13	5	5.0	0.07430475321946886
29	64	6	3.6841619082441217	-0.009969328127516469
18	15	7	3.7848405691354214	0.12026645659178141
40	30	0	2.2200185804505024	0.5856003101734849
44	68	8	3.1805353298055064	0.17900316040932507
74	40	7	4.224981614923852	0.04289299943890478
45	89	1	4.511137534559875	0.03879243850034444
63	22	3	1.1259807350985818	0.07680573662953215
53	18	3	2.868987847983659	-0.06856818855205693
64	22	3	5.0	-0.070541037770741
